4.238700000000000045e+01
4.238000000000000256e+01
4.236699999999999733e+01
4.235699999999999932e+01
4.234300000000000352e+01
4.234000000000000341e+01
4.232999999999999829e+01
4.232999999999999829e+01
4.233299999999999841e+01
4.232699999999999818e+01
4.231300000000000239e+01
4.231000000000000227e+01
4.231000000000000227e+01
4.231000000000000227e+01
4.231000000000000227e+01
4.231000000000000227e+01
4.232699999999999818e+01
4.231700000000000017e+01
4.231000000000000227e+01
4.231000000000000227e+01
4.231000000000000227e+01
4.229699999999999704e+01
4.228999999999999915e+01
4.228300000000000125e+01
4.227700000000000102e+01
4.227000000000000313e+01
4.227000000000000313e+01
4.225999999999999801e+01
4.227000000000000313e+01
4.225999999999999801e+01
4.225000000000000000e+01
4.224699999999999989e+01
4.224000000000000199e+01
4.222999999999999687e+01
4.221999999999999886e+01
4.221999999999999886e+01
4.227700000000000102e+01
4.227000000000000313e+01
4.227000000000000313e+01
4.227000000000000313e+01
4.231700000000000017e+01
4.234000000000000341e+01
4.234000000000000341e+01
4.235699999999999932e+01
4.237699999999999534e+01
4.240699999999999648e+01
4.244300000000000495e+01
4.245000000000000284e+01
4.245000000000000284e+01
4.245000000000000284e+01
4.245000000000000284e+01
4.246000000000000085e+01
4.246000000000000085e+01
4.246000000000000085e+01
4.248300000000000409e+01
4.249000000000000199e+01
4.250300000000000011e+01
4.253000000000000114e+01
4.262300000000000466e+01
4.280300000000000438e+01
4.299000000000000199e+01
4.365999999999999659e+01
4.414699999999999847e+01
4.437300000000000466e+01
4.449699999999999989e+01
4.457300000000000040e+01
4.464000000000000057e+01
4.471000000000000085e+01
4.475000000000000000e+01
4.477300000000000324e+01
4.479299999999999926e+01
4.481000000000000227e+01
4.481300000000000239e+01
4.482999999999999829e+01
4.484000000000000341e+01
4.484000000000000341e+01
4.485000000000000142e+01
4.486299999999999955e+01
4.488000000000000256e+01
4.491300000000000381e+01
4.527700000000000102e+01
4.543999999999999773e+01
4.548699999999999477e+01
4.551699999999999591e+01
4.553699999999999903e+01
4.554999999999999716e+01
4.556700000000000017e+01
4.559000000000000341e+01
4.559700000000000131e+01
4.562699999999999534e+01
4.564300000000000068e+01
4.565299999999999869e+01
4.567000000000000171e+01
4.568999999999999773e+01
4.568999999999999773e+01
4.568999999999999773e+01
4.568999999999999773e+01
4.568999999999999773e+01
4.568999999999999773e+01
4.568999999999999773e+01
4.568999999999999773e+01
4.570000000000000284e+01
4.571000000000000085e+01
4.572299999999999898e+01
4.574300000000000210e+01
4.577000000000000313e+01
4.578999999999999915e+01
4.578999999999999915e+01
4.578999999999999915e+01
4.578999999999999915e+01
4.579999999999999716e+01
4.579999999999999716e+01
4.581300000000000239e+01
4.582000000000000028e+01
4.582000000000000028e+01
4.582000000000000028e+01
4.582000000000000028e+01
4.582000000000000028e+01
4.581000000000000227e+01
4.581000000000000227e+01
4.581000000000000227e+01
4.579999999999999716e+01
4.579999999999999716e+01
4.579699999999999704e+01
4.578999999999999915e+01
4.578999999999999915e+01
4.578999999999999915e+01
4.577700000000000102e+01
4.577000000000000313e+01
4.576699999999999591e+01
4.575699999999999790e+01
4.575000000000000000e+01
4.575000000000000000e+01
4.575000000000000000e+01
4.574300000000000210e+01
4.572999999999999687e+01
4.572999999999999687e+01
4.572999999999999687e+01
4.571699999999999875e+01
4.571000000000000085e+01
4.569699999999999562e+01
4.568999999999999773e+01
4.567999999999999972e+01
4.567000000000000171e+01
4.566300000000000381e+01
4.565999999999999659e+01
4.564999999999999858e+01
4.564999999999999858e+01
4.564999999999999858e+01
4.564000000000000057e+01
4.564000000000000057e+01
4.563000000000000256e+01
4.563000000000000256e+01
4.562699999999999534e+01
4.561699999999999733e+01
4.560999999999999943e+01
4.560000000000000142e+01
4.560000000000000142e+01
4.559300000000000352e+01
4.559000000000000341e+01
4.559000000000000341e+01
4.558699999999999619e+01
4.557699999999999818e+01
4.557000000000000028e+01
4.556700000000000017e+01
4.556000000000000227e+01
4.554999999999999716e+01
4.554999999999999716e+01
4.553999999999999915e+01
4.553699999999999903e+01
4.553000000000000114e+01
4.552700000000000102e+01
4.552000000000000313e+01
4.551699999999999591e+01
4.550999999999999801e+01
4.550000000000000000e+01
4.550000000000000000e+01
4.547999999999999687e+01
4.547999999999999687e+01
4.546999999999999886e+01
4.546999999999999886e+01
4.546699999999999875e+01
4.546000000000000085e+01
4.545000000000000284e+01
4.545000000000000284e+01
4.545000000000000284e+01
4.543999999999999773e+01
4.542999999999999972e+01
4.542699999999999960e+01
4.542000000000000171e+01
4.540999999999999659e+01
4.539999999999999858e+01
4.539000000000000057e+01
4.539000000000000057e+01
4.539000000000000057e+01
4.538000000000000256e+01
4.536999999999999744e+01
4.536999999999999744e+01
4.535999999999999943e+01
4.535999999999999943e+01
4.535699999999999932e+01
4.535000000000000142e+01
4.534700000000000131e+01
4.533699999999999619e+01
4.532999999999999829e+01
4.532300000000000040e+01
4.531700000000000017e+01
4.531000000000000227e+01
4.530699999999999505e+01
4.529699999999999704e+01
4.528999999999999915e+01
4.528000000000000114e+01
4.528000000000000114e+01
4.528000000000000114e+01
4.526300000000000523e+01
4.525000000000000000e+01
4.524699999999999989e+01
4.524000000000000199e+01
4.522999999999999687e+01
4.522999999999999687e+01
4.521999999999999886e+01
4.521699999999999875e+01
4.520700000000000074e+01
4.520000000000000284e+01
4.518999999999999773e+01
4.518699999999999761e+01
4.517999999999999972e+01
4.517699999999999960e+01
4.516700000000000159e+01
4.515999999999999659e+01
4.514999999999999858e+01
4.514999999999999858e+01
4.514699999999999847e+01
4.513700000000000045e+01
4.513000000000000256e+01
4.511999999999999744e+01
4.512699999999999534e+01
4.512699999999999534e+01
4.511299999999999955e+01
4.510000000000000142e+01
4.509700000000000131e+01
4.509000000000000341e+01
4.508299999999999841e+01
4.506700000000000017e+01
4.504999999999999716e+01
4.504699999999999704e+01
4.503999999999999915e+01
4.503300000000000125e+01
4.503000000000000114e+01
4.502000000000000313e+01
4.502000000000000313e+01
4.500999999999999801e+01
4.500999999999999801e+01
4.500300000000000011e+01
4.499000000000000199e+01
4.497699999999999676e+01
4.496999999999999886e+01
4.496300000000000097e+01
4.496000000000000085e+01
4.494699999999999562e+01
4.495000000000000284e+01
4.493999999999999773e+01
4.492999999999999972e+01
4.492000000000000171e+01
4.492000000000000171e+01
4.492000000000000171e+01
4.490999999999999659e+01
4.490999999999999659e+01
4.489999999999999858e+01
4.489999999999999858e+01
4.489999999999999858e+01
4.489300000000000068e+01
4.489000000000000057e+01
4.488000000000000256e+01
4.487300000000000466e+01
4.486999999999999744e+01
4.486999999999999744e+01
4.486999999999999744e+01
4.485999999999999943e+01
4.485300000000000153e+01
4.485000000000000142e+01
4.485000000000000142e+01
4.485000000000000142e+01
4.484000000000000341e+01
4.483699999999999619e+01
4.482999999999999829e+01
4.482999999999999829e+01
4.481700000000000017e+01
4.480699999999999505e+01
4.479299999999999926e+01
4.478999999999999915e+01
4.478000000000000114e+01
4.476300000000000523e+01
4.475000000000000000e+01
4.474000000000000199e+01
4.472999999999999687e+01
4.472999999999999687e+01
4.471999999999999886e+01
4.471000000000000085e+01
4.470700000000000074e+01
4.468999999999999773e+01
4.467999999999999972e+01
4.466700000000000159e+01
4.465699999999999648e+01
4.465699999999999648e+01
4.465999999999999659e+01
4.465999999999999659e+01
4.465999999999999659e+01
4.465999999999999659e+01
4.465299999999999869e+01
4.464000000000000057e+01
4.461999999999999744e+01
4.460300000000000153e+01
4.459000000000000341e+01
4.458299999999999841e+01
4.458299999999999841e+01
4.461999999999999744e+01
4.464000000000000057e+01
4.467699999999999960e+01
4.471800000000000352e+01
4.473699999999999477e+01
4.471999999999999886e+01
4.471000000000000085e+01
4.470000000000000284e+01
4.470000000000000284e+01
4.475999999999999801e+01
4.475999999999999801e+01
4.475999999999999801e+01
4.475999999999999801e+01
4.475999999999999801e+01
4.475999999999999801e+01
4.477000000000000313e+01
4.477000000000000313e+01
4.475999999999999801e+01
4.474699999999999989e+01
4.474000000000000199e+01
4.472999999999999687e+01
4.471999999999999886e+01
4.471000000000000085e+01
4.469699999999999562e+01
4.468699999999999761e+01
4.467999999999999972e+01
4.467000000000000171e+01
4.467000000000000171e+01
4.467000000000000171e+01
4.467300000000000182e+01
4.470000000000000284e+01
4.471000000000000085e+01
4.471699999999999875e+01
4.472299999999999898e+01
4.473300000000000409e+01
4.474000000000000199e+01
4.474699999999999989e+01
4.475999999999999801e+01
4.480699999999999505e+01
4.483299999999999841e+01
4.500300000000000011e+01
4.507699999999999818e+01
4.510699999999999932e+01
4.511999999999999744e+01
4.512699999999999534e+01
4.513300000000000267e+01
4.514000000000000057e+01
4.514999999999999858e+01
4.515999999999999659e+01
4.515999999999999659e+01
4.517699999999999960e+01
4.518999999999999773e+01
4.520000000000000284e+01
4.520300000000000296e+01
4.520000000000000284e+01
4.518999999999999773e+01
4.518299999999999983e+01
4.516300000000000381e+01
4.514699999999999847e+01
4.513700000000000045e+01
4.511299999999999955e+01
4.509000000000000341e+01
4.506000000000000227e+01
4.504299999999999926e+01
4.501699999999999591e+01
4.499000000000000199e+01
4.496300000000000097e+01
4.494699999999999562e+01
4.493699999999999761e+01
4.491300000000000381e+01
4.489300000000000068e+01
4.487699999999999534e+01
4.486699999999999733e+01
4.485000000000000142e+01
4.484000000000000341e+01
4.482999999999999829e+01
4.482000000000000028e+01
4.481000000000000227e+01
4.479999999999999716e+01
4.479699999999999704e+01
4.478999999999999915e+01
4.477000000000000313e+01
4.476699999999999591e+01
4.475699999999999790e+01
4.475000000000000000e+01
4.475999999999999801e+01
4.477000000000000313e+01
4.477700000000000102e+01
4.478999999999999915e+01
4.479999999999999716e+01
4.481000000000000227e+01
4.480300000000000438e+01
4.479999999999999716e+01
4.479999999999999716e+01
4.478699999999999903e+01
4.477700000000000102e+01
4.476699999999999591e+01
4.475699999999999790e+01
4.475000000000000000e+01
4.474000000000000199e+01
4.473699999999999477e+01
4.472999999999999687e+01
4.471699999999999875e+01
4.470000000000000284e+01
4.469699999999999562e+01
4.468999999999999773e+01
4.468999999999999773e+01
4.468999999999999773e+01
4.468999999999999773e+01
4.468999999999999773e+01
4.467999999999999972e+01
4.467699999999999960e+01
4.467000000000000171e+01
4.466700000000000159e+01
4.465699999999999648e+01
4.464999999999999858e+01
4.464999999999999858e+01
4.463000000000000256e+01
4.460999999999999943e+01
4.458699999999999619e+01
4.457999999999999829e+01
4.457000000000000028e+01
4.456000000000000227e+01
4.454999999999999716e+01
4.453999999999999915e+01
4.453000000000000114e+01
4.450999999999999801e+01
4.449000000000000199e+01
4.449000000000000199e+01
4.447999999999999687e+01
4.446999999999999886e+01
4.445300000000000296e+01
4.443999999999999773e+01
4.443999999999999773e+01
4.442999999999999972e+01
4.442999999999999972e+01
4.442000000000000171e+01
4.444699999999999562e+01
4.443999999999999773e+01
4.443999999999999773e+01
4.443999999999999773e+01
4.442999999999999972e+01
4.445000000000000284e+01
4.445000000000000284e+01
4.446300000000000097e+01
4.448699999999999477e+01
4.450000000000000000e+01
4.450000000000000000e+01
4.449000000000000199e+01
4.449000000000000199e+01
4.449000000000000199e+01
4.451300000000000523e+01
4.452000000000000313e+01
4.453000000000000114e+01
4.453000000000000114e+01
4.453000000000000114e+01
4.453000000000000114e+01
4.454299999999999926e+01
4.454999999999999716e+01
4.454999999999999716e+01
4.454999999999999716e+01
4.456000000000000227e+01
4.456000000000000227e+01
4.457000000000000028e+01
4.457999999999999829e+01
4.458699999999999619e+01
4.459000000000000341e+01
4.459000000000000341e+01
4.457699999999999818e+01
4.457000000000000028e+01
4.455699999999999505e+01
4.454999999999999716e+01
4.454999999999999716e+01
4.454299999999999926e+01
4.453999999999999915e+01
4.453999999999999915e+01
4.453000000000000114e+01
4.452700000000000102e+01
4.452000000000000313e+01
4.450699999999999790e+01
4.449699999999999989e+01
4.449000000000000199e+01
4.448699999999999477e+01
4.447999999999999687e+01
4.447699999999999676e+01
4.449699999999999989e+01
4.445300000000000296e+01
4.445100000000000051e+01
4.443699999999999761e+01
4.442699999999999960e+01
4.440999999999999659e+01
4.439300000000000068e+01
4.438000000000000256e+01
4.436999999999999744e+01
4.436999999999999744e+01
4.435000000000000142e+01
4.434000000000000341e+01
4.432999999999999829e+01
4.432000000000000028e+01
4.446300000000000097e+01
4.431000000000000227e+01
4.429999999999999716e+01
4.429999999999999716e+01
4.428999999999999915e+01
4.428999999999999915e+01
4.428999999999999915e+01
4.428000000000000114e+01
4.428000000000000114e+01
4.427700000000000102e+01
4.427000000000000313e+01
4.427000000000000313e+01
4.427000000000000313e+01
4.427000000000000313e+01
4.427000000000000313e+01
4.427000000000000313e+01
4.425999999999999801e+01
4.425699999999999790e+01
4.425000000000000000e+01
4.424300000000000210e+01
4.423300000000000409e+01
4.422999999999999687e+01
4.422999999999999687e+01
4.422999999999999687e+01
4.421999999999999886e+01
4.421000000000000085e+01
4.421000000000000085e+01
4.420000000000000284e+01
4.418999999999999773e+01
4.418299999999999983e+01
4.417300000000000182e+01
4.416300000000000381e+01
4.415999999999999659e+01
4.414999999999999858e+01
4.414000000000000057e+01
4.414000000000000057e+01
4.414000000000000057e+01
4.413000000000000256e+01
4.412699999999999534e+01
4.411999999999999744e+01
4.410999999999999943e+01
4.410000000000000142e+01
4.409700000000000131e+01
4.409000000000000341e+01
4.409000000000000341e+01
4.407999999999999829e+01
4.407999999999999829e+01
4.407000000000000028e+01
4.407000000000000028e+01
4.406300000000000239e+01
4.406000000000000227e+01
4.404999999999999716e+01
4.404999999999999716e+01
4.403999999999999915e+01
4.403000000000000114e+01
4.403000000000000114e+01
4.402000000000000313e+01
4.400999999999999801e+01
4.400300000000000011e+01
4.399000000000000199e+01
4.398699999999999477e+01
4.397999999999999687e+01
4.396999999999999886e+01
4.396300000000000097e+01
4.395300000000000296e+01
4.394300000000000495e+01
4.393299999999999983e+01
4.392699999999999960e+01
4.392000000000000171e+01
4.391300000000000381e+01
4.389300000000000068e+01
4.388300000000000267e+01
4.387300000000000466e+01
4.385999999999999943e+01
4.385300000000000153e+01
4.384700000000000131e+01
4.383699999999999619e+01
4.382699999999999818e+01
4.382000000000000028e+01
4.381000000000000227e+01
4.379999999999999716e+01
4.378999999999999915e+01
4.378000000000000114e+01
4.376699999999999591e+01
4.375999999999999801e+01
4.375000000000000000e+01
4.374000000000000199e+01
4.372999999999999687e+01
4.372999999999999687e+01
4.371300000000000097e+01
4.371000000000000085e+01
4.370000000000000284e+01
4.368999999999999773e+01
4.367999999999999972e+01
4.367000000000000171e+01
4.366700000000000159e+01
4.365999999999999659e+01
4.364999999999999858e+01
4.364300000000000068e+01
4.363300000000000267e+01
4.361999999999999744e+01
4.360999999999999943e+01
4.360000000000000142e+01
4.359300000000000352e+01
4.358699999999999619e+01
4.357999999999999829e+01
4.357000000000000028e+01
4.356000000000000227e+01
4.354999999999999716e+01
4.353300000000000125e+01
4.351699999999999591e+01
4.350699999999999790e+01
4.350000000000000000e+01
4.348699999999999477e+01
4.347699999999999676e+01
4.346999999999999886e+01
4.345700000000000074e+01
4.345000000000000284e+01
4.343699999999999761e+01
4.342999999999999972e+01
4.341300000000000381e+01
4.339999999999999858e+01
4.339999999999999858e+01
4.342000000000000171e+01
4.342000000000000171e+01
4.340999999999999659e+01
4.340999999999999659e+01
4.340999999999999659e+01
4.340999999999999659e+01
4.340999999999999659e+01
4.340999999999999659e+01
4.340999999999999659e+01
4.340299999999999869e+01
4.338300000000000267e+01
4.338300000000000267e+01
4.338000000000000256e+01
4.336999999999999744e+01
4.336999999999999744e+01
4.336999999999999744e+01
4.335999999999999943e+01
4.334300000000000352e+01
4.334000000000000341e+01
4.333299999999999841e+01
4.332000000000000028e+01
4.330300000000000438e+01
4.328999999999999915e+01
4.327700000000000102e+01
4.326699999999999591e+01
4.325999999999999801e+01
4.325000000000000000e+01
4.323699999999999477e+01
4.322999999999999687e+01
4.321999999999999886e+01
4.320700000000000074e+01
4.318999999999999773e+01
4.318999999999999773e+01
4.317999999999999972e+01
4.317000000000000171e+01
4.317000000000000171e+01
4.317000000000000171e+01
4.315699999999999648e+01
4.314999999999999858e+01
4.314999999999999858e+01
4.314000000000000057e+01
4.314000000000000057e+01
4.313000000000000256e+01
4.311699999999999733e+01
4.310699999999999932e+01
4.310000000000000142e+01
4.309000000000000341e+01
4.307999999999999829e+01
4.306700000000000017e+01
4.304999999999999716e+01
4.303999999999999915e+01
4.303000000000000114e+01
4.302000000000000313e+01
4.302000000000000313e+01
4.302000000000000313e+01
4.300999999999999801e+01
4.300000000000000000e+01
4.299000000000000199e+01
4.299000000000000199e+01
4.297999999999999687e+01
4.297699999999999676e+01
4.296999999999999886e+01
4.296300000000000097e+01
4.295000000000000284e+01
4.295000000000000284e+01
4.295000000000000284e+01
4.295000000000000284e+01
4.295300000000000296e+01
4.298300000000000409e+01
4.300999999999999801e+01
4.303300000000000125e+01
4.305300000000000438e+01
4.305699999999999505e+01
4.306000000000000227e+01
4.304999999999999716e+01
4.304999999999999716e+01
4.303999999999999915e+01
4.303999999999999915e+01
4.304999999999999716e+01
4.305300000000000438e+01
4.306700000000000017e+01
4.306300000000000239e+01
4.313000000000000256e+01
4.314000000000000057e+01
4.313000000000000256e+01
4.313000000000000256e+01
4.313000000000000256e+01
4.324000000000000199e+01
4.324000000000000199e+01
4.328000000000000114e+01
4.331700000000000017e+01
4.332999999999999829e+01
4.332999999999999829e+01
4.332999999999999829e+01
4.332999999999999829e+01
4.332999999999999829e+01
4.333699999999999619e+01
4.332300000000000040e+01
4.331000000000000227e+01
4.339999999999999858e+01
4.340999999999999659e+01
4.350699999999999790e+01
4.357699999999999818e+01
4.361999999999999744e+01
4.366300000000000381e+01
4.367999999999999972e+01
4.369699999999999562e+01
4.370000000000000284e+01
4.371000000000000085e+01
4.371000000000000085e+01
4.371300000000000097e+01
4.372999999999999687e+01
4.373300000000000409e+01
4.375000000000000000e+01
4.375000000000000000e+01
4.375000000000000000e+01
4.375000000000000000e+01
4.375000000000000000e+01
4.375000000000000000e+01
4.375000000000000000e+01
4.375000000000000000e+01
4.374300000000000210e+01
4.374000000000000199e+01
4.372999999999999687e+01
4.371999999999999886e+01
4.371000000000000085e+01
4.370000000000000284e+01
4.368999999999999773e+01
4.367999999999999972e+01
4.366300000000000381e+01
4.364999999999999858e+01
4.363700000000000045e+01
4.362699999999999534e+01
4.360699999999999932e+01
4.359000000000000341e+01
4.358299999999999841e+01
4.357999999999999829e+01
4.358699999999999619e+01
4.360000000000000142e+01
4.360000000000000142e+01
4.360000000000000142e+01
4.360000000000000142e+01
4.360000000000000142e+01
4.358699999999999619e+01
4.357999999999999829e+01
4.356700000000000017e+01
4.356000000000000227e+01
4.354999999999999716e+01
4.353999999999999915e+01
4.353000000000000114e+01
4.352000000000000313e+01
4.361399999999999721e+01
4.350000000000000000e+01
4.348699999999999477e+01
4.347699999999999676e+01
4.346699999999999875e+01
4.345700000000000074e+01
4.344699999999999562e+01
4.343999999999999773e+01
4.342699999999999960e+01
4.342000000000000171e+01
4.340999999999999659e+01
4.339999999999999858e+01
4.339999999999999858e+01
4.339300000000000068e+01
4.338000000000000256e+01
4.336999999999999744e+01
4.335999999999999943e+01
4.334300000000000352e+01
4.332999999999999829e+01
4.332000000000000028e+01
4.332000000000000028e+01
4.332000000000000028e+01
4.332300000000000040e+01
4.337300000000000466e+01
4.340699999999999648e+01
4.344300000000000495e+01
4.349699999999999989e+01
4.350999999999999801e+01
4.350999999999999801e+01
4.352000000000000313e+01
4.353000000000000114e+01
4.353000000000000114e+01
4.353000000000000114e+01
4.352000000000000313e+01
4.350999999999999801e+01
4.350999999999999801e+01
4.350699999999999790e+01
4.350000000000000000e+01
4.349000000000000199e+01
4.349000000000000199e+01
4.347999999999999687e+01
4.347999999999999687e+01
4.347999999999999687e+01
4.347999999999999687e+01
4.349000000000000199e+01
4.350300000000000011e+01
4.352300000000000324e+01
4.353999999999999915e+01
4.354999999999999716e+01
4.354999999999999716e+01
4.354999999999999716e+01
4.354999999999999716e+01
4.354999999999999716e+01
4.354999999999999716e+01
4.353999999999999915e+01
4.353000000000000114e+01
4.352000000000000313e+01
4.350999999999999801e+01
4.350999999999999801e+01
4.350999999999999801e+01
4.352000000000000313e+01
4.352000000000000313e+01
4.353000000000000114e+01
4.352000000000000313e+01
4.350999999999999801e+01
4.350999999999999801e+01
4.350999999999999801e+01
4.350000000000000000e+01
4.349000000000000199e+01
4.349000000000000199e+01
4.347999999999999687e+01
4.347999999999999687e+01
4.347999999999999687e+01
4.347999999999999687e+01
4.349000000000000199e+01
4.350000000000000000e+01
4.352000000000000313e+01
4.352000000000000313e+01
4.353999999999999915e+01
4.354999999999999716e+01
4.354999999999999716e+01
4.354999999999999716e+01
4.354999999999999716e+01
4.354999999999999716e+01
4.353999999999999915e+01
4.353000000000000114e+01
4.352000000000000313e+01
4.350999999999999801e+01
4.350999999999999801e+01
4.350999999999999801e+01
4.352000000000000313e+01
4.352000000000000313e+01
4.351500000000000057e+01
4.342999999999999972e+01
4.342000000000000171e+01
4.341300000000000381e+01
4.340999999999999659e+01
4.340999999999999659e+01
4.339999999999999858e+01
4.339000000000000057e+01
4.338000000000000256e+01
4.336999999999999744e+01
4.335999999999999943e+01
4.335000000000000142e+01
4.333699999999999619e+01
4.332999999999999829e+01
4.332000000000000028e+01
4.331000000000000227e+01
4.329999999999999716e+01
4.328999999999999915e+01
4.328000000000000114e+01
4.328000000000000114e+01
4.328999999999999915e+01
4.328999999999999915e+01
4.328999999999999915e+01
4.327300000000000324e+01
4.327000000000000313e+01
4.325999999999999801e+01
4.325999999999999801e+01
4.325000000000000000e+01
4.325000000000000000e+01
4.324000000000000199e+01
4.322999999999999687e+01
4.321999999999999886e+01
4.321999999999999886e+01
4.321000000000000085e+01
4.320000000000000284e+01
4.320000000000000284e+01
4.317999999999999972e+01
4.317000000000000171e+01
4.317000000000000171e+01
4.315999999999999659e+01
4.314999999999999858e+01
4.314000000000000057e+01
4.313000000000000256e+01
4.311999999999999744e+01
4.310999999999999943e+01
4.310000000000000142e+01
4.309000000000000341e+01
4.307999999999999829e+01
4.307000000000000028e+01
4.305600000000000449e+01
4.304999999999999716e+01
4.304999999999999716e+01
4.303999999999999915e+01
4.303999999999999915e+01
4.303000000000000114e+01
4.303000000000000114e+01
4.302000000000000313e+01
4.300999999999999801e+01
4.300000000000000000e+01
4.299000000000000199e+01
4.297999999999999687e+01
4.296999999999999886e+01
4.296000000000000085e+01
4.296000000000000085e+01
4.295000000000000284e+01
4.293999999999999773e+01
4.292999999999999972e+01
4.292000000000000171e+01
4.290999999999999659e+01
4.289999999999999858e+01
4.289000000000000057e+01
4.288000000000000256e+01
4.286999999999999744e+01
4.285999999999999943e+01
4.285000000000000142e+01
4.284000000000000341e+01
4.282999999999999829e+01
4.282000000000000028e+01
4.281000000000000227e+01
4.281000000000000227e+01
4.278000000000000114e+01
4.277000000000000313e+01
4.277000000000000313e+01
4.275999999999999801e+01
4.275000000000000000e+01
4.274000000000000199e+01
4.272999999999999687e+01
4.271999999999999886e+01
4.271999999999999886e+01
4.271000000000000085e+01
4.271000000000000085e+01
4.270000000000000284e+01
4.268999999999999773e+01
4.267300000000000182e+01
4.265999999999999659e+01
4.264999999999999858e+01
4.264000000000000057e+01
4.296300000000000097e+01
4.261699999999999733e+01
4.260000000000000142e+01
4.259000000000000341e+01
4.257699999999999818e+01
4.256700000000000017e+01
4.256000000000000227e+01
4.254999999999999716e+01
4.253699999999999903e+01
4.252000000000000313e+01
4.250000000000000000e+01
4.249000000000000199e+01
4.247999999999999687e+01
4.246999999999999886e+01
4.246000000000000085e+01
4.245000000000000284e+01
4.244699999999999562e+01
4.243299999999999983e+01
4.242999999999999972e+01
4.242300000000000182e+01
4.241700000000000159e+01
4.240999999999999659e+01
4.239699999999999847e+01
4.238700000000000045e+01
4.237699999999999534e+01
4.236999999999999744e+01
4.235999999999999943e+01
4.235699999999999932e+01
4.234700000000000131e+01
4.233699999999999619e+01
4.232999999999999829e+01
4.232999999999999829e+01
4.232000000000000028e+01
4.231000000000000227e+01
4.229999999999999716e+01
4.228699999999999903e+01
4.226699999999999591e+01
4.225699999999999790e+01
4.225000000000000000e+01
4.224000000000000199e+01
4.222999999999999687e+01
4.221300000000000097e+01
4.219300000000000495e+01
4.218299999999999983e+01
4.217300000000000182e+01
4.216300000000000381e+01
4.215299999999999869e+01
4.214300000000000068e+01
4.212300000000000466e+01
4.211299999999999955e+01
4.209300000000000352e+01
4.208299999999999841e+01
4.207300000000000040e+01
4.206300000000000239e+01
4.206000000000000227e+01
4.204999999999999716e+01
4.204999999999999716e+01
4.204699999999999704e+01
4.203699999999999903e+01
4.203000000000000114e+01
4.204999999999999716e+01
4.203999999999999915e+01
4.203000000000000114e+01
4.203000000000000114e+01
4.202700000000000102e+01
4.202000000000000313e+01
4.200999999999999801e+01
4.200999999999999801e+01
4.202000000000000313e+01
4.202700000000000102e+01
4.207000000000000028e+01
4.208299999999999841e+01
4.216700000000000159e+01
4.221000000000000085e+01
4.224000000000000199e+01
4.225000000000000000e+01
4.225999999999999801e+01
4.225999999999999801e+01
4.227700000000000102e+01
4.228000000000000114e+01
4.228000000000000114e+01
4.227000000000000313e+01
4.226300000000000523e+01
4.225000000000000000e+01
4.225000000000000000e+01
4.224000000000000199e+01
4.222999999999999687e+01
4.221699999999999875e+01
4.220300000000000296e+01
4.218699999999999761e+01
4.217000000000000171e+01
4.217999999999999972e+01
4.217300000000000182e+01
4.216300000000000381e+01
4.214999999999999858e+01
4.214000000000000057e+01
4.212699999999999534e+01
4.211699999999999733e+01
4.210999999999999943e+01
4.210699999999999932e+01
4.210000000000000142e+01
4.210000000000000142e+01
4.214999999999999858e+01
4.218999999999999773e+01
4.220000000000000284e+01
4.221000000000000085e+01
4.221999999999999886e+01
4.221999999999999886e+01
4.221999999999999886e+01
4.221300000000000097e+01
4.220700000000000074e+01
4.218699999999999761e+01
4.217300000000000182e+01
4.215999999999999659e+01
4.218699999999999761e+01
4.228699999999999903e+01
4.231000000000000227e+01
4.237300000000000466e+01
4.241700000000000159e+01
4.243299999999999983e+01
4.243999999999999773e+01
4.246000000000000085e+01
4.246000000000000085e+01
4.246999999999999886e+01
4.246999999999999886e+01
4.246999999999999886e+01
4.246999999999999886e+01
4.246999999999999886e+01
4.246999999999999886e+01
4.246999999999999886e+01
4.247999999999999687e+01
4.248300000000000409e+01
4.249300000000000210e+01
4.253000000000000114e+01
4.253999999999999915e+01
4.253999999999999915e+01
4.253999999999999915e+01
4.253999999999999915e+01
4.253000000000000114e+01
4.253000000000000114e+01
4.252000000000000313e+01
4.251300000000000523e+01
4.250000000000000000e+01
4.250000000000000000e+01
4.250000000000000000e+01
4.250000000000000000e+01
4.250000000000000000e+01
4.250000000000000000e+01
4.252000000000000313e+01
4.253300000000000125e+01
4.253999999999999915e+01
4.253999999999999915e+01
4.256300000000000239e+01
4.257300000000000040e+01
4.260000000000000142e+01
4.264999999999999858e+01
4.266300000000000381e+01
4.268999999999999773e+01
4.270000000000000284e+01
4.271000000000000085e+01
4.271000000000000085e+01
4.271000000000000085e+01
4.270000000000000284e+01
4.270000000000000284e+01
4.270000000000000284e+01
4.268999999999999773e+01
4.268999999999999773e+01
4.268999999999999773e+01
4.267999999999999972e+01
4.266700000000000159e+01
4.265699999999999648e+01
4.264999999999999858e+01
4.264000000000000057e+01
4.263000000000000256e+01
4.261999999999999744e+01
4.260999999999999943e+01
4.260000000000000142e+01
4.260300000000000153e+01
4.264000000000000057e+01
4.267000000000000171e+01
4.269300000000000495e+01
4.271000000000000085e+01
4.272999999999999687e+01
4.274000000000000199e+01
4.274000000000000199e+01
4.274000000000000199e+01
4.274000000000000199e+01
4.274000000000000199e+01
4.274000000000000199e+01
4.274000000000000199e+01
4.274000000000000199e+01
4.274000000000000199e+01
4.272999999999999687e+01
4.271999999999999886e+01
4.270700000000000074e+01
4.270000000000000284e+01
4.268999999999999773e+01
4.267999999999999972e+01
4.267000000000000171e+01
4.267000000000000171e+01
4.265999999999999659e+01
4.265299999999999869e+01
4.264699999999999847e+01
4.264000000000000057e+01
4.263000000000000256e+01
4.261999999999999744e+01
4.260999999999999943e+01
4.260000000000000142e+01
4.259000000000000341e+01
4.257999999999999829e+01
4.257000000000000028e+01
4.256000000000000227e+01
4.254999999999999716e+01
4.253999999999999915e+01
4.253000000000000114e+01
4.252000000000000313e+01
4.250999999999999801e+01
4.250000000000000000e+01
4.249000000000000199e+01
4.247999999999999687e+01
4.246999999999999886e+01
4.246000000000000085e+01
4.246000000000000085e+01
4.245000000000000284e+01
4.243999999999999773e+01
4.242999999999999972e+01
4.242000000000000171e+01
4.240999999999999659e+01
4.239999999999999858e+01
4.239000000000000057e+01
4.238000000000000256e+01
4.236999999999999744e+01
4.235300000000000153e+01
4.234300000000000352e+01
4.234000000000000341e+01
4.234000000000000341e+01
4.234000000000000341e+01
4.232999999999999829e+01
4.232000000000000028e+01
4.232000000000000028e+01
4.231000000000000227e+01
4.232999999999999829e+01
4.232000000000000028e+01
4.232999999999999829e+01
4.232999999999999829e+01
4.232999999999999829e+01
4.232999999999999829e+01
4.232999999999999829e+01
4.232999999999999829e+01
4.232000000000000028e+01
4.231000000000000227e+01
4.231000000000000227e+01
4.229999999999999716e+01
4.228999999999999915e+01
4.228000000000000114e+01
4.227000000000000313e+01
4.225999999999999801e+01
4.225000000000000000e+01
4.225000000000000000e+01
4.225000000000000000e+01
4.224000000000000199e+01
4.222999999999999687e+01
4.221999999999999886e+01
4.221999999999999886e+01
4.221000000000000085e+01
4.221000000000000085e+01
4.221000000000000085e+01
4.220000000000000284e+01
4.218999999999999773e+01
4.218999999999999773e+01
4.217999999999999972e+01
4.217300000000000182e+01
4.217000000000000171e+01
4.215999999999999659e+01
4.214999999999999858e+01
4.214999999999999858e+01
4.214000000000000057e+01
4.213000000000000256e+01
4.211999999999999744e+01
4.211999999999999744e+01
4.211999999999999744e+01
4.211999999999999744e+01
4.210999999999999943e+01
4.210999999999999943e+01
4.210999999999999943e+01
4.210000000000000142e+01
4.210000000000000142e+01
4.210000000000000142e+01
4.209300000000000352e+01
4.209000000000000341e+01
4.209000000000000341e+01
4.208299999999999841e+01
4.207999999999999829e+01
4.207000000000000028e+01
4.206000000000000227e+01
4.206000000000000227e+01
4.204999999999999716e+01
4.204999999999999716e+01
4.203999999999999915e+01
4.203000000000000114e+01
4.203000000000000114e+01
4.202000000000000313e+01
4.202000000000000313e+01
4.200999999999999801e+01
4.200999999999999801e+01
4.200999999999999801e+01
4.200999999999999801e+01
4.200000000000000000e+01
4.199000000000000199e+01
4.199000000000000199e+01
4.199000000000000199e+01
4.197999999999999687e+01
4.197999999999999687e+01
4.196999999999999886e+01
4.196999999999999886e+01
4.195300000000000296e+01
4.194699999999999562e+01
4.193999999999999773e+01
4.192999999999999972e+01
4.192999999999999972e+01
4.192000000000000171e+01
4.190999999999999659e+01
4.190699999999999648e+01
4.189699999999999847e+01
4.188700000000000045e+01
4.188000000000000256e+01
4.186999999999999744e+01
4.185999999999999943e+01
4.185300000000000153e+01
4.184000000000000341e+01
4.183699999999999619e+01
4.186999999999999744e+01
4.189300000000000068e+01
4.195700000000000074e+01
4.201699999999999591e+01
4.203999999999999915e+01
4.204999999999999716e+01
4.204999999999999716e+01
4.204999999999999716e+01
4.204999999999999716e+01
4.204999999999999716e+01
4.204999999999999716e+01
4.204999999999999716e+01
4.203999999999999915e+01
4.204299999999999926e+01
4.203999999999999915e+01
4.203000000000000114e+01
4.203000000000000114e+01
4.202000000000000313e+01
4.200999999999999801e+01
4.200000000000000000e+01
4.199000000000000199e+01
4.197999999999999687e+01
4.196999999999999886e+01
4.196999999999999886e+01
4.196000000000000085e+01
4.195000000000000284e+01
4.195000000000000284e+01
4.193999999999999773e+01
4.192999999999999972e+01
4.192000000000000171e+01
4.190999999999999659e+01
4.189999999999999858e+01
4.189000000000000057e+01
4.189000000000000057e+01
4.188000000000000256e+01
4.186999999999999744e+01
4.185999999999999943e+01
4.185999999999999943e+01
4.185000000000000142e+01
4.184000000000000341e+01
4.184000000000000341e+01
4.182699999999999818e+01
4.182000000000000028e+01
4.180300000000000438e+01
4.178999999999999915e+01
4.178000000000000114e+01
4.177000000000000313e+01
4.175999999999999801e+01
4.175300000000000011e+01
4.174000000000000199e+01
4.172999999999999687e+01
4.171999999999999886e+01
4.170300000000000296e+01
4.168999999999999773e+01
4.168999999999999773e+01
4.167999999999999972e+01
4.167000000000000171e+01
4.165999999999999659e+01
4.164999999999999858e+01
4.163700000000000045e+01
4.163000000000000256e+01
4.164500000000000313e+01
4.164999999999999858e+01
4.164999999999999858e+01
4.165800000000000125e+01
4.165999999999999659e+01
4.165999999999999659e+01
4.165999999999999659e+01
4.165299999999999869e+01
4.164999999999999858e+01
4.164300000000000068e+01
4.163199999999999790e+01
4.163000000000000256e+01
4.162300000000000466e+01
4.161199999999999477e+01
4.160300000000000153e+01
4.159499999999999886e+01
4.158500000000000085e+01
4.157199999999999562e+01
4.155499999999999972e+01
4.154200000000000159e+01
4.153000000000000114e+01
4.152199999999999847e+01
4.151300000000000523e+01
4.150199999999999534e+01
4.150000000000000000e+01
4.149300000000000210e+01
4.149000000000000199e+01
4.149000000000000199e+01
4.149000000000000199e+01
4.149000000000000199e+01
4.149000000000000199e+01
4.149000000000000199e+01
4.149000000000000199e+01
4.149000000000000199e+01
4.148199999999999932e+01
4.147200000000000131e+01
4.146999999999999886e+01
4.146300000000000097e+01
4.145499999999999829e+01
4.144500000000000028e+01
4.143500000000000227e+01
4.142999999999999972e+01
4.143800000000000239e+01
4.144500000000000028e+01
4.150199999999999534e+01
4.155699999999999505e+01
4.159199999999999875e+01
4.160699999999999932e+01
4.161500000000000199e+01
4.167000000000000171e+01
4.182500000000000284e+01
4.221699999999999875e+01
4.263499999999999801e+01
4.287699999999999534e+01
4.298499999999999943e+01
4.304999999999999716e+01
4.309000000000000341e+01
4.311500000000000199e+01
4.315299999999999869e+01
4.319699999999999562e+01
4.322200000000000131e+01
4.325000000000000000e+01
4.328000000000000114e+01
4.331000000000000227e+01
4.335499999999999687e+01
4.343199999999999505e+01
4.347200000000000131e+01
4.350699999999999790e+01
4.353300000000000125e+01
4.356499999999999773e+01
4.358800000000000097e+01
4.359700000000000131e+01
4.361800000000000210e+01
4.364999999999999858e+01
4.368999999999999773e+01
4.371399999999999864e+01
4.373799999999999955e+01
4.375699999999999790e+01
4.377799999999999869e+01
4.379999999999999716e+01
4.382699999999999818e+01
4.384700000000000131e+01
4.385699999999999932e+01
4.386800000000000210e+01
4.386999999999999744e+01
4.386999999999999744e+01
4.386999999999999744e+01
4.386199999999999477e+01
4.385300000000000153e+01
4.384700000000000131e+01
4.383800000000000097e+01
4.383299999999999841e+01
4.382199999999999562e+01
4.382000000000000028e+01
4.381300000000000239e+01
4.381000000000000227e+01
4.380300000000000438e+01
4.379200000000000159e+01
4.378999999999999915e+01
4.379800000000000182e+01
4.379999999999999716e+01
4.379999999999999716e+01
4.379999999999999716e+01
4.379999999999999716e+01
4.379999999999999716e+01
4.379999999999999716e+01
4.379999999999999716e+01
4.379200000000000159e+01
4.378999999999999915e+01
4.378999999999999915e+01
4.378300000000000125e+01
4.377499999999999858e+01
4.377000000000000313e+01
4.376300000000000523e+01
4.375999999999999801e+01
4.376300000000000523e+01
4.378000000000000114e+01
4.380699999999999505e+01
4.385300000000000153e+01
4.394699999999999562e+01
4.404500000000000171e+01
4.410499999999999687e+01
4.417999999999999972e+01
4.425000000000000000e+01
4.431000000000000227e+01
4.436800000000000210e+01
4.442000000000000171e+01
4.446999999999999886e+01
4.451300000000000523e+01
4.455300000000000438e+01
4.459000000000000341e+01
4.461800000000000210e+01
4.464500000000000313e+01
4.465999999999999659e+01
4.468199999999999505e+01
4.469699999999999562e+01
4.472800000000000153e+01
4.474800000000000466e+01
4.475199999999999534e+01
4.476300000000000523e+01
4.477799999999999869e+01
4.478999999999999915e+01
4.480699999999999505e+01
4.481000000000000227e+01
4.482500000000000284e+01
4.484000000000000341e+01
4.485999999999999943e+01
4.486999999999999744e+01
4.487699999999999534e+01
4.488800000000000523e+01
4.489000000000000057e+01
4.489999999999999858e+01
4.492300000000000182e+01
4.492999999999999972e+01
4.493999999999999773e+01
4.495000000000000284e+01
4.496000000000000085e+01
4.496300000000000097e+01
4.497299999999999898e+01
4.497999999999999687e+01
4.497999999999999687e+01
4.497999999999999687e+01
4.497999999999999687e+01
4.497999999999999687e+01
4.497999999999999687e+01
4.497999999999999687e+01
4.496999999999999886e+01
4.500000000000000000e+01
4.500999999999999801e+01
4.502300000000000324e+01
4.506300000000000239e+01
4.508299999999999841e+01
4.510000000000000142e+01
4.514000000000000057e+01
4.517699999999999960e+01
4.520000000000000284e+01
4.521300000000000097e+01
4.522999999999999687e+01
4.525000000000000000e+01
4.525999999999999801e+01
4.532300000000000040e+01
4.534000000000000341e+01
4.536999999999999744e+01
4.539999999999999858e+01
4.544500000000000028e+01
4.558299999999999841e+01
4.564500000000000313e+01
4.572500000000000142e+01
4.586800000000000210e+01
4.595799999999999841e+01
4.603499999999999659e+01
4.607699999999999818e+01
4.611999999999999744e+01
4.616700000000000159e+01
4.619699999999999562e+01
4.623499999999999943e+01
4.626300000000000523e+01
4.629800000000000182e+01
4.632699999999999818e+01
4.635699999999999932e+01
4.639699999999999847e+01
4.642800000000000438e+01
4.645799999999999841e+01
4.647999999999999687e+01
4.650000000000000000e+01
4.653000000000000114e+01
4.658800000000000097e+01
4.661800000000000210e+01
4.664699999999999847e+01
4.667800000000000438e+01
4.670499999999999829e+01
4.671300000000000097e+01
4.672500000000000142e+01
4.673699999999999477e+01
4.674800000000000466e+01
4.675000000000000000e+01
4.675000000000000000e+01
4.675000000000000000e+01
4.675000000000000000e+01
4.675000000000000000e+01
4.675000000000000000e+01
4.675000000000000000e+01
4.675000000000000000e+01
4.674300000000000210e+01
4.673199999999999932e+01
4.672999999999999687e+01
4.672999999999999687e+01
4.672999999999999687e+01
4.672200000000000131e+01
4.671300000000000097e+01
4.671000000000000085e+01
4.670199999999999818e+01
4.669300000000000495e+01
4.668199999999999505e+01
4.667300000000000182e+01
4.666199999999999903e+01
4.665299999999999869e+01
4.664300000000000068e+01
4.664000000000000057e+01
4.663199999999999790e+01
4.662300000000000466e+01
4.661199999999999477e+01
4.660999999999999943e+01
4.660300000000000153e+01
4.660000000000000142e+01
4.660000000000000142e+01
4.659199999999999875e+01
4.658299999999999841e+01
4.657999999999999829e+01
4.657199999999999562e+01
4.656300000000000239e+01
4.655300000000000438e+01
4.654800000000000182e+01
4.653999999999999915e+01
4.653499999999999659e+01
4.652799999999999869e+01
4.652000000000000313e+01
4.651300000000000523e+01
4.650199999999999534e+01
4.649300000000000210e+01
4.647800000000000153e+01
4.646300000000000097e+01
4.645199999999999818e+01
4.645000000000000284e+01
4.644300000000000495e+01
4.643199999999999505e+01
4.642300000000000182e+01
4.641199999999999903e+01
4.640299999999999869e+01
4.639999999999999858e+01
4.639999999999999858e+01
4.639999999999999858e+01
4.639300000000000068e+01
4.639000000000000057e+01
4.638199999999999790e+01
4.638000000000000256e+01
4.638000000000000256e+01
4.638000000000000256e+01
4.637300000000000466e+01
4.636999999999999744e+01
4.636999999999999744e+01
4.636500000000000199e+01
4.635999999999999943e+01
4.635999999999999943e+01
4.635300000000000153e+01
4.634199999999999875e+01
4.633299999999999841e+01
4.632199999999999562e+01
4.631300000000000239e+01
4.630300000000000438e+01
4.629999999999999716e+01
4.629200000000000159e+01
4.628300000000000125e+01
4.628000000000000114e+01
4.628000000000000114e+01
4.627199999999999847e+01
4.626300000000000523e+01
4.625999999999999801e+01
4.625199999999999534e+01
4.625000000000000000e+01
4.624300000000000210e+01
4.623199999999999932e+01
4.622200000000000131e+01
4.621300000000000097e+01
4.620199999999999818e+01
4.620000000000000284e+01
4.619300000000000495e+01
4.618199999999999505e+01
4.617300000000000182e+01
4.616199999999999903e+01
4.615299999999999869e+01
4.614999999999999858e+01
4.614300000000000068e+01
4.612699999999999534e+01
4.610499999999999687e+01
4.609199999999999875e+01
4.608299999999999841e+01
4.607199999999999562e+01
4.606300000000000239e+01
4.605300000000000438e+01
4.604200000000000159e+01
4.603300000000000125e+01
4.601500000000000057e+01
4.599499999999999744e+01
4.598199999999999932e+01
4.597200000000000131e+01
4.596000000000000085e+01
4.594300000000000495e+01
4.593199999999999505e+01
4.592300000000000182e+01
4.590500000000000114e+01
4.589300000000000068e+01
4.588199999999999790e+01
4.587699999999999534e+01
4.586199999999999477e+01
4.585300000000000153e+01
4.584199999999999875e+01
4.582999999999999829e+01
4.581000000000000227e+01
4.579500000000000171e+01
4.578699999999999903e+01
4.577199999999999847e+01
4.576300000000000523e+01
4.575199999999999534e+01
4.574000000000000199e+01
4.571999999999999886e+01
4.570199999999999818e+01
4.569300000000000495e+01
4.568199999999999505e+01
4.567300000000000182e+01
4.565500000000000114e+01
4.563000000000000256e+01
4.560999999999999943e+01
4.559700000000000131e+01
4.559000000000000341e+01
4.557500000000000284e+01
4.555699999999999505e+01
4.554999999999999716e+01
4.553699999999999903e+01
4.552199999999999847e+01
4.550699999999999790e+01
4.549300000000000210e+01
4.546999999999999886e+01
4.546999999999999886e+01
4.544300000000000495e+01
4.543199999999999505e+01
4.542000000000000171e+01
4.540299999999999869e+01
4.539000000000000057e+01
4.537300000000000466e+01
4.536199999999999477e+01
4.535300000000000153e+01
4.535000000000000142e+01
4.534199999999999875e+01
4.533299999999999841e+01
4.532199999999999562e+01
4.531300000000000239e+01
4.531000000000000227e+01
4.530300000000000438e+01
4.529200000000000159e+01
4.528300000000000125e+01
4.526500000000000057e+01
4.525199999999999534e+01
4.525000000000000000e+01
4.524300000000000210e+01
4.523199999999999932e+01
4.521500000000000341e+01
4.520000000000000284e+01
4.518800000000000239e+01
4.516700000000000159e+01
4.514699999999999847e+01
4.513199999999999790e+01
4.513000000000000256e+01
4.511500000000000199e+01
4.510300000000000153e+01
4.510000000000000142e+01
4.509199999999999875e+01
4.507500000000000284e+01
4.506300000000000239e+01
4.505300000000000438e+01
4.504999999999999716e+01
4.504999999999999716e+01
4.503000000000000114e+01
4.502000000000000313e+01
4.503999999999999915e+01
4.505699999999999505e+01
4.506000000000000227e+01
4.506000000000000227e+01
4.506000000000000227e+01
4.505300000000000438e+01
4.504200000000000159e+01
4.504800000000000182e+01
4.504999999999999716e+01
4.504999999999999716e+01
4.504999999999999716e+01
4.504999999999999716e+01
4.504999999999999716e+01
4.504999999999999716e+01
4.507199999999999562e+01
4.507999999999999829e+01
4.507199999999999562e+01
4.507000000000000028e+01
4.506300000000000239e+01
4.508500000000000085e+01
4.512699999999999534e+01
4.514999999999999858e+01
4.516700000000000159e+01
4.517300000000000182e+01
4.521999999999999886e+01
4.539999999999999858e+01
4.553999999999999915e+01
4.560300000000000153e+01
4.563199999999999790e+01
4.564699999999999847e+01
4.564999999999999858e+01
4.565800000000000125e+01
4.567000000000000171e+01
4.574000000000000199e+01
4.579800000000000182e+01
4.575500000000000256e+01
4.570000000000000284e+01
4.565299999999999869e+01
4.560000000000000142e+01
4.557999999999999829e+01
4.558500000000000085e+01
4.559000000000000341e+01
4.557699999999999818e+01
4.554800000000000182e+01
4.552799999999999869e+01
4.550999999999999801e+01
4.549499999999999744e+01
4.545799999999999841e+01
4.542300000000000182e+01
4.538800000000000523e+01
4.534199999999999875e+01
4.532199999999999562e+01
4.528699999999999903e+01
4.527199999999999847e+01
4.524800000000000466e+01
4.520799999999999841e+01
4.517499999999999716e+01
4.514500000000000313e+01
4.510999999999999943e+01
4.509199999999999875e+01
4.510000000000000142e+01
4.514699999999999847e+01
4.514999999999999858e+01
4.512500000000000000e+01
4.514500000000000313e+01
4.519699999999999562e+01
4.525000000000000000e+01
4.537699999999999534e+01
4.548199999999999932e+01
4.550199999999999534e+01
4.551800000000000068e+01
4.552000000000000313e+01
4.550999999999999801e+01
4.549000000000000199e+01
4.546500000000000341e+01
4.543999999999999773e+01
4.543999999999999773e+01
4.542000000000000171e+01
4.537300000000000466e+01
4.535000000000000142e+01
4.531000000000000227e+01
4.527199999999999847e+01
4.524300000000000210e+01
4.520000000000000284e+01
4.515800000000000125e+01
4.510300000000000153e+01
4.504999999999999716e+01
4.499000000000000199e+01
4.494300000000000495e+01
4.488800000000000523e+01
4.482699999999999818e+01
4.476899999999999835e+01
4.471399999999999864e+01
4.469500000000000028e+01
4.468999999999999773e+01
4.468800000000000239e+01
4.467999999999999972e+01
4.467999999999999972e+01
4.468199999999999505e+01
4.469699999999999562e+01
4.470799999999999841e+01
4.471000000000000085e+01
4.471000000000000085e+01
4.471699999999999875e+01
4.471999999999999886e+01
4.471999999999999886e+01
4.471300000000000097e+01
4.471000000000000085e+01
4.472999999999999687e+01
4.472999999999999687e+01
4.471999999999999886e+01
4.471999999999999886e+01
4.471999999999999886e+01
4.471300000000000097e+01
4.471000000000000085e+01
4.471000000000000085e+01
4.471000000000000085e+01
4.471000000000000085e+01
4.470199999999999818e+01
4.469300000000000495e+01
4.468999999999999773e+01
4.468199999999999505e+01
4.467300000000000182e+01
4.466199999999999903e+01
4.465299999999999869e+01
4.465800000000000125e+01
4.465299999999999869e+01
4.464999999999999858e+01
4.464300000000000068e+01
4.463199999999999790e+01
4.463000000000000256e+01
4.463000000000000256e+01
4.462300000000000466e+01
4.463499999999999801e+01
4.463199999999999790e+01
4.463000000000000256e+01
4.462500000000000000e+01
4.461199999999999477e+01
4.460999999999999943e+01
4.461800000000000210e+01
4.463000000000000256e+01
4.464699999999999847e+01
4.465800000000000125e+01
4.465999999999999659e+01
4.465999999999999659e+01
4.466700000000000159e+01
4.467000000000000171e+01
4.467000000000000171e+01
4.467000000000000171e+01
4.466700000000000159e+01
4.465800000000000125e+01
4.464699999999999847e+01
4.464000000000000057e+01
4.463199999999999790e+01
4.463000000000000256e+01
4.463000000000000256e+01
4.463000000000000256e+01
4.462300000000000466e+01
4.464000000000000057e+01
4.464999999999999858e+01
4.464999999999999858e+01
4.465299999999999869e+01
4.466700000000000159e+01
4.467000000000000171e+01
4.467000000000000171e+01
4.467800000000000438e+01
4.468800000000000239e+01
4.470199999999999818e+01
4.472500000000000142e+01
4.473699999999999477e+01
4.474800000000000466e+01
4.475699999999999790e+01
4.475699999999999790e+01
4.474800000000000466e+01
4.474000000000000199e+01
4.473199999999999932e+01
4.472999999999999687e+01
4.472999999999999687e+01
4.472999999999999687e+01
4.472999999999999687e+01
4.472999999999999687e+01
4.472200000000000131e+01
4.471999999999999886e+01
4.471999999999999886e+01
4.471999999999999886e+01
4.471999999999999886e+01
4.471999999999999886e+01
4.472999999999999687e+01
4.473699999999999477e+01
4.474800000000000466e+01
4.475000000000000000e+01
4.474300000000000210e+01
4.474800000000000466e+01
4.475699999999999790e+01
4.475199999999999534e+01
4.475000000000000000e+01
4.475000000000000000e+01
4.475000000000000000e+01
4.474300000000000210e+01
4.473499999999999943e+01
4.472800000000000153e+01
4.471999999999999886e+01
4.471300000000000097e+01
4.471000000000000085e+01
4.470199999999999818e+01
4.469300000000000495e+01
4.468199999999999505e+01
4.467300000000000182e+01
4.467000000000000171e+01
4.467000000000000171e+01
4.466199999999999903e+01
4.465299999999999869e+01
4.464999999999999858e+01
4.464999999999999858e+01
4.464000000000000057e+01
4.464000000000000057e+01
4.463199999999999790e+01
4.463000000000000256e+01
4.463800000000000523e+01
4.464000000000000057e+01
4.463199999999999790e+01
4.463000000000000256e+01
4.463000000000000256e+01
4.463000000000000256e+01
4.463000000000000256e+01
4.463000000000000256e+01
4.462300000000000466e+01
4.461199999999999477e+01
4.460499999999999687e+01
4.460000000000000142e+01
4.460000000000000142e+01
4.459199999999999875e+01
4.458299999999999841e+01
4.457199999999999562e+01
4.456800000000000495e+01
4.456000000000000227e+01
4.455300000000000438e+01
4.454200000000000159e+01
4.453300000000000125e+01
4.452199999999999847e+01
4.451300000000000523e+01
4.450199999999999534e+01
4.449300000000000210e+01
4.449000000000000199e+01
4.448199999999999932e+01
4.447200000000000131e+01
4.446999999999999886e+01
4.446999999999999886e+01
4.446300000000000097e+01
4.445799999999999841e+01
4.445000000000000284e+01
4.444300000000000495e+01
4.443999999999999773e+01
4.443999999999999773e+01
4.443999999999999773e+01
4.443199999999999505e+01
4.442999999999999972e+01
4.442999999999999972e+01
4.442999999999999972e+01
4.442300000000000182e+01
4.441199999999999903e+01
4.440299999999999869e+01
4.439999999999999858e+01
4.439500000000000313e+01
4.439000000000000057e+01
4.438199999999999790e+01
4.438000000000000256e+01
4.437300000000000466e+01
4.436999999999999744e+01
4.436199999999999477e+01
4.435499999999999687e+01
4.434199999999999875e+01
4.434000000000000341e+01
4.433299999999999841e+01
4.432999999999999829e+01
4.432199999999999562e+01
4.432000000000000028e+01
4.431300000000000239e+01
4.430300000000000438e+01
4.429999999999999716e+01
4.429200000000000159e+01
4.428300000000000125e+01
4.428699999999999903e+01
4.428699999999999903e+01
4.428000000000000114e+01
4.427199999999999847e+01
4.427000000000000313e+01
4.427799999999999869e+01
4.429999999999999716e+01
4.432199999999999562e+01
4.431000000000000227e+01
4.429200000000000159e+01
4.428699999999999903e+01
4.427199999999999847e+01
4.427000000000000313e+01
4.427000000000000313e+01
4.426300000000000523e+01
4.425199999999999534e+01
4.424300000000000210e+01
4.423199999999999932e+01
4.422200000000000131e+01
4.421500000000000341e+01
4.421000000000000085e+01
4.420199999999999818e+01
4.419300000000000495e+01
4.417999999999999972e+01
4.416499999999999915e+01
4.415299999999999869e+01
4.413499999999999801e+01
4.412300000000000466e+01
4.411199999999999477e+01
4.410000000000000142e+01
4.408299999999999841e+01
4.407699999999999818e+01
4.406300000000000239e+01
4.405300000000000438e+01
4.404999999999999716e+01
4.404999999999999716e+01
4.403699999999999903e+01
4.402799999999999869e+01
4.401800000000000068e+01
4.400999999999999801e+01
4.400199999999999534e+01
4.399300000000000210e+01
4.398199999999999932e+01
4.397500000000000142e+01
4.396300000000000097e+01
4.395199999999999818e+01
4.394300000000000495e+01
4.393199999999999505e+01
4.393800000000000239e+01
4.394699999999999562e+01
4.394300000000000495e+01
4.393199999999999505e+01
4.392999999999999972e+01
4.392999999999999972e+01
4.391700000000000159e+01
4.388800000000000523e+01
4.386999999999999744e+01
4.385300000000000153e+01
4.383800000000000097e+01
4.382699999999999818e+01
4.381300000000000239e+01
4.379800000000000182e+01
4.378499999999999659e+01
4.376500000000000057e+01
4.374499999999999744e+01
4.373199999999999932e+01
4.372200000000000131e+01
4.371300000000000097e+01
4.369699999999999562e+01
4.368199999999999505e+01
4.367300000000000182e+01
4.367000000000000171e+01
4.367800000000000438e+01
4.368800000000000239e+01
4.368999999999999773e+01
4.368999999999999773e+01
4.368999999999999773e+01
4.368999999999999773e+01
4.368199999999999505e+01
4.367300000000000182e+01
4.366199999999999903e+01
4.365299999999999869e+01
4.364300000000000068e+01
4.363199999999999790e+01
4.361800000000000210e+01
4.359700000000000131e+01
4.357699999999999818e+01
4.356499999999999773e+01
4.354800000000000182e+01
4.353300000000000125e+01
4.352199999999999847e+01
4.352000000000000313e+01
4.352000000000000313e+01
4.352000000000000313e+01
4.352000000000000313e+01
4.353499999999999659e+01
4.354800000000000182e+01
4.355699999999999505e+01
4.356800000000000495e+01
4.356300000000000239e+01
4.355300000000000438e+01
4.354999999999999716e+01
4.354999999999999716e+01
4.354200000000000159e+01
4.353300000000000125e+01
4.352199999999999847e+01
4.351300000000000523e+01
4.349800000000000466e+01
4.348199999999999932e+01
4.347200000000000131e+01
4.346300000000000097e+01
4.345199999999999818e+01
4.344300000000000495e+01
4.342999999999999972e+01
4.341199999999999903e+01
4.340299999999999869e+01
4.339300000000000068e+01
4.338199999999999790e+01
4.339500000000000313e+01
4.340800000000000125e+01
4.340299999999999869e+01
4.339300000000000068e+01
4.338199999999999790e+01
4.338000000000000256e+01
4.337300000000000466e+01
4.336999999999999744e+01
4.336199999999999477e+01
4.336800000000000210e+01
4.337699999999999534e+01
4.337300000000000466e+01
4.338499999999999801e+01
4.339000000000000057e+01
4.339699999999999847e+01
4.339699999999999847e+01
4.338000000000000256e+01
4.337699999999999534e+01
4.336999999999999744e+01
4.336999999999999744e+01
4.336199999999999477e+01
4.335300000000000153e+01
4.334499999999999886e+01
4.332699999999999818e+01
4.330699999999999505e+01
4.328999999999999915e+01
4.327000000000000313e+01
4.327199999999999847e+01
4.329800000000000182e+01
4.329999999999999716e+01
4.329200000000000159e+01
4.328300000000000125e+01
4.328999999999999915e+01
4.338800000000000523e+01
4.396300000000000097e+01
4.507000000000000028e+01
4.564500000000000313e+01
4.583500000000000085e+01
4.593199999999999505e+01
4.594500000000000028e+01
4.594300000000000495e+01
4.595499999999999829e+01
4.592800000000000438e+01
4.584499999999999886e+01
4.572200000000000131e+01
4.561800000000000210e+01
4.550999999999999801e+01
4.545799999999999841e+01
4.542300000000000182e+01
4.538199999999999790e+01
4.534199999999999875e+01
4.529500000000000171e+01
4.525699999999999790e+01
4.521699999999999875e+01
4.520199999999999818e+01
4.518999999999999773e+01
4.517300000000000182e+01
4.517000000000000171e+01
4.516199999999999903e+01
4.516700000000000159e+01
4.517000000000000171e+01
4.517000000000000171e+01
4.517000000000000171e+01
4.517000000000000171e+01
4.517000000000000171e+01
4.517000000000000171e+01
4.517000000000000171e+01
4.517000000000000171e+01
4.517000000000000171e+01
4.518500000000000227e+01
4.518999999999999773e+01
4.519699999999999562e+01
4.520799999999999841e+01
4.521000000000000085e+01
4.521000000000000085e+01
4.520199999999999818e+01
4.519300000000000495e+01
4.518999999999999773e+01
4.518199999999999505e+01
4.517999999999999972e+01
4.517300000000000182e+01
4.517999999999999972e+01
4.519699999999999562e+01
4.520000000000000284e+01
4.520000000000000284e+01
4.520000000000000284e+01
4.519300000000000495e+01
4.518199999999999505e+01
4.517300000000000182e+01
4.517000000000000171e+01
4.517000000000000171e+01
4.517000000000000171e+01
4.517000000000000171e+01
4.517800000000000438e+01
4.517999999999999972e+01
4.518500000000000227e+01
4.518999999999999773e+01
4.518999999999999773e+01
4.518999999999999773e+01
4.518999999999999773e+01
4.518999999999999773e+01
4.518800000000000239e+01
4.517999999999999972e+01
4.517300000000000182e+01
4.517000000000000171e+01
4.517000000000000171e+01
4.516199999999999903e+01
4.515999999999999659e+01
4.514999999999999858e+01
4.513199999999999790e+01
4.511800000000000210e+01
4.510300000000000153e+01
4.509199999999999875e+01
4.508299999999999841e+01
4.507999999999999829e+01
4.507999999999999829e+01
4.507999999999999829e+01
4.506800000000000495e+01
4.505300000000000438e+01
4.504500000000000171e+01
4.503499999999999659e+01
4.502199999999999847e+01
4.501300000000000523e+01
4.500199999999999534e+01
4.499300000000000210e+01
4.498199999999999932e+01
4.497200000000000131e+01
4.496300000000000097e+01
4.495199999999999818e+01
4.495000000000000284e+01
4.494300000000000495e+01
4.494699999999999562e+01
4.495000000000000284e+01
4.495000000000000284e+01
4.495000000000000284e+01
4.494300000000000495e+01
4.493999999999999773e+01
4.493999999999999773e+01
4.493999999999999773e+01
4.493199999999999505e+01
4.492999999999999972e+01
4.492999999999999972e+01
4.492999999999999972e+01
4.492300000000000182e+01
4.492000000000000171e+01
4.491499999999999915e+01
4.489699999999999847e+01
4.487699999999999534e+01
4.486199999999999477e+01
4.485699999999999932e+01
4.485000000000000142e+01
4.485000000000000142e+01
4.484199999999999875e+01
4.483299999999999841e+01
4.482199999999999562e+01
4.481300000000000239e+01
4.480300000000000438e+01
4.479500000000000171e+01
4.478999999999999915e+01
4.478300000000000125e+01
4.477199999999999847e+01
4.476300000000000523e+01
4.475199999999999534e+01
4.473699999999999477e+01
4.472500000000000142e+01
4.471300000000000097e+01
4.470199999999999818e+01
4.469300000000000495e+01
4.468999999999999773e+01
4.474499999999999744e+01
4.467999999999999972e+01
4.467300000000000182e+01
4.465500000000000114e+01
4.464300000000000068e+01
4.462699999999999534e+01
4.461199999999999477e+01
4.460300000000000153e+01
4.459199999999999875e+01
4.457500000000000284e+01
4.455499999999999972e+01
4.454200000000000159e+01
4.453300000000000125e+01
4.452199999999999847e+01
4.451300000000000523e+01
4.449300000000000210e+01
4.447800000000000153e+01
4.446699999999999875e+01
4.445199999999999818e+01
4.445000000000000284e+01
4.444300000000000495e+01
4.443199999999999505e+01
4.441199999999999903e+01
4.439999999999999858e+01
4.439300000000000068e+01
4.439000000000000057e+01
4.438199999999999790e+01
4.437300000000000466e+01
4.436199999999999477e+01
4.434499999999999886e+01
4.433299999999999841e+01
4.432199999999999562e+01
4.432000000000000028e+01
4.431300000000000239e+01
4.431000000000000227e+01
4.430300000000000438e+01
4.429200000000000159e+01
4.428300000000000125e+01
4.427000000000000313e+01
4.425199999999999534e+01
4.424300000000000210e+01
4.424000000000000199e+01
4.423199999999999932e+01
4.422200000000000131e+01
4.421000000000000085e+01
4.419300000000000495e+01
4.418199999999999505e+01
4.417000000000000171e+01
4.415299999999999869e+01
4.414000000000000057e+01
4.412699999999999534e+01
4.410999999999999943e+01
4.410000000000000142e+01
4.409199999999999875e+01
4.408299999999999841e+01
4.407199999999999562e+01
4.406300000000000239e+01
4.405300000000000438e+01
4.403999999999999915e+01
4.403000000000000114e+01
4.401699999999999591e+01
4.400199999999999534e+01
4.399300000000000210e+01
4.397999999999999687e+01
4.396699999999999875e+01
4.395199999999999818e+01
4.394300000000000495e+01
4.393199999999999505e+01
4.392000000000000171e+01
4.390299999999999869e+01
4.389300000000000068e+01
4.387699999999999534e+01
4.386199999999999477e+01
4.384499999999999886e+01
4.383299999999999841e+01
4.381499999999999773e+01
4.379200000000000159e+01
4.377000000000000313e+01
4.375000000000000000e+01
4.373199999999999932e+01
4.370499999999999829e+01
4.368199999999999505e+01
4.366499999999999915e+01
4.364500000000000313e+01
4.361800000000000210e+01
4.359499999999999886e+01
4.357999999999999829e+01
4.356800000000000495e+01
4.355300000000000438e+01
4.354200000000000159e+01
4.353300000000000125e+01
4.352000000000000313e+01
4.350999999999999801e+01
4.349000000000000199e+01
4.347500000000000142e+01
4.346300000000000097e+01
4.345199999999999818e+01
4.347500000000000142e+01
4.358800000000000097e+01
4.368500000000000227e+01
4.383500000000000085e+01
4.396000000000000085e+01
4.406000000000000227e+01
4.410000000000000142e+01
4.411999999999999744e+01
4.413800000000000523e+01
4.415800000000000125e+01
4.418800000000000239e+01
4.422999999999999687e+01
4.429500000000000171e+01
4.434199999999999875e+01
4.436500000000000199e+01
4.439000000000000057e+01
4.440999999999999659e+01
4.442800000000000438e+01
4.442999999999999972e+01
4.442999999999999972e+01
4.442300000000000182e+01
4.442000000000000171e+01
4.442000000000000171e+01
4.441700000000000159e+01
4.440999999999999659e+01
4.440500000000000114e+01
4.439300000000000068e+01
4.438199999999999790e+01
4.437300000000000466e+01
4.436199999999999477e+01
4.435300000000000153e+01
4.434199999999999875e+01
4.432699999999999818e+01
4.430699999999999505e+01
4.429200000000000159e+01
4.428300000000000125e+01
4.428000000000000114e+01
4.428699999999999903e+01
4.430499999999999972e+01
4.431000000000000227e+01
4.431000000000000227e+01
4.433299999999999841e+01
4.438000000000000256e+01
4.445799999999999841e+01
4.456300000000000239e+01
4.461999999999999744e+01
4.465299999999999869e+01
4.472500000000000142e+01
4.478699999999999903e+01
4.483800000000000097e+01
4.487699999999999534e+01
4.492000000000000171e+01
4.492999999999999972e+01
4.493500000000000227e+01
4.495499999999999829e+01
4.501800000000000068e+01
4.520799999999999841e+01
4.535499999999999687e+01
4.542800000000000438e+01
4.546699999999999875e+01
4.549300000000000210e+01
4.551800000000000068e+01
4.553000000000000114e+01
4.553699999999999903e+01
4.556499999999999773e+01
4.557999999999999829e+01
4.559000000000000341e+01
4.559000000000000341e+01
4.559000000000000341e+01
4.559000000000000341e+01
4.559000000000000341e+01
4.559000000000000341e+01
4.558299999999999841e+01
4.557199999999999562e+01
4.556499999999999773e+01
4.556000000000000227e+01
4.555300000000000438e+01
4.554200000000000159e+01
4.553999999999999915e+01
4.553300000000000125e+01
4.553000000000000114e+01
4.553000000000000114e+01
4.553000000000000114e+01
4.553000000000000114e+01
4.552499999999999858e+01
4.551800000000000068e+01
4.551800000000000068e+01
4.550199999999999534e+01
4.549300000000000210e+01
4.548499999999999943e+01
4.547999999999999687e+01
4.547200000000000131e+01
4.546500000000000341e+01
4.546000000000000085e+01
4.547500000000000142e+01
4.546699999999999875e+01
4.546000000000000085e+01
4.546000000000000085e+01
4.546000000000000085e+01
4.546000000000000085e+01
4.546500000000000341e+01
4.546999999999999886e+01
4.546500000000000341e+01
4.545199999999999818e+01
4.544300000000000495e+01
4.542999999999999972e+01
4.540999999999999659e+01
4.539300000000000068e+01
4.536999999999999744e+01
4.535300000000000153e+01
4.534199999999999875e+01
4.533500000000000085e+01
4.532999999999999829e+01
4.532199999999999562e+01
4.531000000000000227e+01
4.529999999999999716e+01
4.529999999999999716e+01
4.529999999999999716e+01
4.529500000000000171e+01
4.528300000000000125e+01
4.527199999999999847e+01
4.526300000000000523e+01
4.525199999999999534e+01
4.524300000000000210e+01
4.524000000000000199e+01
4.522999999999999687e+01
4.521300000000000097e+01
4.520199999999999818e+01
4.520000000000000284e+01
4.520000000000000284e+01
4.518500000000000227e+01
4.518800000000000239e+01
4.521500000000000341e+01
4.526300000000000523e+01
4.535999999999999943e+01
4.546000000000000085e+01
4.554999999999999716e+01
4.571000000000000085e+01
4.586999999999999744e+01
4.593199999999999505e+01
4.595499999999999829e+01
4.596000000000000085e+01
4.595499999999999829e+01
4.593500000000000227e+01
4.592999999999999972e+01
4.591700000000000159e+01
4.589500000000000313e+01
4.589999999999999858e+01
4.592499999999999716e+01
4.595199999999999818e+01
4.597999999999999687e+01
4.603499999999999659e+01
4.609700000000000131e+01
4.620799999999999841e+01
4.626500000000000057e+01
4.628699999999999903e+01
4.629800000000000182e+01
4.630699999999999505e+01
4.630499999999999972e+01
4.632999999999999829e+01
4.634199999999999875e+01
4.630300000000000438e+01
4.627799999999999869e+01
4.624800000000000466e+01
4.620199999999999818e+01
4.616499999999999915e+01
4.611999999999999744e+01
4.605699999999999505e+01
4.602499999999999858e+01
4.599800000000000466e+01
4.601500000000000057e+01
4.603300000000000125e+01
4.604800000000000182e+01
4.603699999999999903e+01
4.601300000000000523e+01
4.599000000000000199e+01
4.597999999999999687e+01
4.599000000000000199e+01
4.598199999999999932e+01
4.592000000000000171e+01
4.589000000000000057e+01
4.586500000000000199e+01
4.585300000000000153e+01
4.587500000000000000e+01
4.590500000000000114e+01
4.592800000000000438e+01
4.593800000000000239e+01
4.594699999999999562e+01
4.595000000000000284e+01
4.595000000000000284e+01
4.595000000000000284e+01
4.595000000000000284e+01
4.595000000000000284e+01
4.595000000000000284e+01
4.595799999999999841e+01
4.596000000000000085e+01
4.595199999999999818e+01
4.595000000000000284e+01
4.595000000000000284e+01
4.595000000000000284e+01
4.595000000000000284e+01
4.594300000000000495e+01
4.593999999999999773e+01
4.594699999999999562e+01
4.594300000000000495e+01
4.593999999999999773e+01
4.593999999999999773e+01
4.593999999999999773e+01
4.593999999999999773e+01
4.593999999999999773e+01
4.594699999999999562e+01
4.595000000000000284e+01
4.595000000000000284e+01
4.595799999999999841e+01
4.596000000000000085e+01
4.596000000000000085e+01
4.596000000000000085e+01
4.596000000000000085e+01
4.595199999999999818e+01
4.594300000000000495e+01
4.593199999999999505e+01
4.592999999999999972e+01
4.592999999999999972e+01
4.592300000000000182e+01
4.591199999999999903e+01
4.590299999999999869e+01
4.589999999999999858e+01
4.591499999999999915e+01
4.593800000000000239e+01
4.596999999999999886e+01
4.598699999999999477e+01
4.600199999999999534e+01
4.602499999999999858e+01
4.603000000000000114e+01
4.603699999999999903e+01
4.604800000000000182e+01
4.604200000000000159e+01
4.603300000000000125e+01
4.602199999999999847e+01
4.601300000000000523e+01
4.600199999999999534e+01
4.599000000000000199e+01
4.597800000000000153e+01
4.598699999999999477e+01
4.599800000000000466e+01
4.601500000000000057e+01
4.599800000000000466e+01
4.599000000000000199e+01
4.599800000000000466e+01
4.601500000000000057e+01
4.603000000000000114e+01
4.604999999999999716e+01
4.607000000000000028e+01
4.608800000000000097e+01
4.609700000000000131e+01
4.610999999999999943e+01
4.613499999999999801e+01
4.614699999999999847e+01
4.614999999999999858e+01
4.614300000000000068e+01
4.613199999999999790e+01
4.613000000000000256e+01
4.613000000000000256e+01
4.613000000000000256e+01
4.613000000000000256e+01
4.613800000000000523e+01
4.614000000000000057e+01
4.614000000000000057e+01
4.613499999999999801e+01
4.612699999999999534e+01
4.611199999999999477e+01
4.610999999999999943e+01
4.610999999999999943e+01
4.610000000000000142e+01
4.608299999999999841e+01
4.607000000000000028e+01
4.605499999999999972e+01
4.604200000000000159e+01
4.603000000000000114e+01
4.600999999999999801e+01
4.599300000000000210e+01
4.599800000000000466e+01
4.599800000000000466e+01
4.599000000000000199e+01
4.597500000000000142e+01
4.596999999999999886e+01
4.596300000000000097e+01
4.595199999999999818e+01
4.594300000000000495e+01
4.593199999999999505e+01
4.592300000000000182e+01
4.592000000000000171e+01
4.591199999999999903e+01
4.590299999999999869e+01
4.589300000000000068e+01
4.588199999999999790e+01
4.587300000000000466e+01
4.586500000000000199e+01
4.585300000000000153e+01
4.584499999999999886e+01
4.584000000000000341e+01
4.583299999999999841e+01
4.582199999999999562e+01
4.581300000000000239e+01
4.579999999999999716e+01
4.579200000000000159e+01
4.578300000000000125e+01
4.577199999999999847e+01
4.577000000000000313e+01
4.577000000000000313e+01
4.577000000000000313e+01
4.576300000000000523e+01
4.575199999999999534e+01
4.575000000000000000e+01
4.574300000000000210e+01
4.573199999999999932e+01
4.572999999999999687e+01
4.572200000000000131e+01
4.571999999999999886e+01
4.571300000000000097e+01
4.571000000000000085e+01
4.570199999999999818e+01
4.569300000000000495e+01
4.568199999999999505e+01
4.567999999999999972e+01
4.567300000000000182e+01
4.566199999999999903e+01
4.565299999999999869e+01
4.564000000000000057e+01
4.563199999999999790e+01
4.561500000000000199e+01
4.560300000000000153e+01
4.559199999999999875e+01
4.558800000000000097e+01
4.559700000000000131e+01
4.559199999999999875e+01
4.558299999999999841e+01
4.557199999999999562e+01
4.557000000000000028e+01
4.556000000000000227e+01
4.555300000000000438e+01
4.554200000000000159e+01
4.553300000000000125e+01
4.552799999999999869e+01
4.551300000000000523e+01
4.550000000000000000e+01
4.548499999999999943e+01
4.547200000000000131e+01
4.546300000000000097e+01
4.545199999999999818e+01
4.543800000000000239e+01
4.542000000000000171e+01
4.539999999999999858e+01
4.539000000000000057e+01
4.538199999999999790e+01
4.537300000000000466e+01
4.536199999999999477e+01
4.534700000000000131e+01
4.533299999999999841e+01
4.531700000000000017e+01
4.531000000000000227e+01
4.528999999999999915e+01
4.527199999999999847e+01
4.526300000000000523e+01
4.525199999999999534e+01
4.524300000000000210e+01
4.523199999999999932e+01
4.522200000000000131e+01
4.520499999999999829e+01
4.518999999999999773e+01
4.517999999999999972e+01
4.517300000000000182e+01
4.516199999999999903e+01
4.514999999999999858e+01
4.513199999999999790e+01
4.511999999999999744e+01
4.510300000000000153e+01
4.509499999999999886e+01
4.508500000000000085e+01
4.507199999999999562e+01
4.505300000000000438e+01
4.503300000000000125e+01
4.502199999999999847e+01
4.501300000000000523e+01
4.500000000000000000e+01
4.498199999999999932e+01
4.497200000000000131e+01
4.496000000000000085e+01
4.494500000000000028e+01
4.493999999999999773e+01
4.492000000000000171e+01
4.490299999999999869e+01
4.489300000000000068e+01
4.488199999999999790e+01
4.487300000000000466e+01
4.486999999999999744e+01
4.485999999999999943e+01
4.485000000000000142e+01
4.483299999999999841e+01
4.481300000000000239e+01
4.480300000000000438e+01
4.479200000000000159e+01
4.478300000000000125e+01
4.477000000000000313e+01
4.475000000000000000e+01
4.472800000000000153e+01
4.471300000000000097e+01
4.470199999999999818e+01
4.469300000000000495e+01
4.468199999999999505e+01
4.467300000000000182e+01
4.468500000000000227e+01
4.469699999999999562e+01
4.470799999999999841e+01
4.471000000000000085e+01
4.473699999999999477e+01
4.474300000000000210e+01
4.473199999999999932e+01
4.473199999999999932e+01
4.474800000000000466e+01
4.478000000000000114e+01
4.478699999999999903e+01
4.480699999999999505e+01
4.484499999999999886e+01
4.490500000000000114e+01
4.492800000000000438e+01
4.492300000000000182e+01
4.491199999999999903e+01
4.490299999999999869e+01
4.489300000000000068e+01
4.488199999999999790e+01
4.487500000000000000e+01
4.487500000000000000e+01
4.486199999999999477e+01
4.485000000000000142e+01
4.482999999999999829e+01
4.481300000000000239e+01
4.479999999999999716e+01
4.478999999999999915e+01
4.478300000000000125e+01
4.477000000000000313e+01
4.475999999999999801e+01
4.475500000000000256e+01
4.474300000000000210e+01
4.473199999999999932e+01
4.472999999999999687e+01
4.472999999999999687e+01
4.472200000000000131e+01
4.471300000000000097e+01
4.470000000000000284e+01
4.468500000000000227e+01
4.472500000000000142e+01
4.479200000000000159e+01
4.483800000000000097e+01
4.488499999999999801e+01
4.492999999999999972e+01
4.495199999999999818e+01
4.496699999999999875e+01
4.497800000000000153e+01
4.499499999999999744e+01
4.500699999999999790e+01
4.502799999999999869e+01
4.504800000000000182e+01
4.504999999999999716e+01
4.506000000000000227e+01
4.507699999999999818e+01
4.507999999999999829e+01
4.508800000000000097e+01
4.509000000000000341e+01
4.508299999999999841e+01
4.507999999999999829e+01
4.507199999999999562e+01
4.507000000000000028e+01
4.507000000000000028e+01
4.506300000000000239e+01
4.505300000000000438e+01
4.504999999999999716e+01
4.511800000000000210e+01
4.514000000000000057e+01
4.514000000000000057e+01
4.515500000000000114e+01
4.517000000000000171e+01
4.517000000000000171e+01
4.518199999999999505e+01
4.520499999999999829e+01
4.523199999999999932e+01
4.524800000000000466e+01
4.525000000000000000e+01
4.525000000000000000e+01
4.525000000000000000e+01
4.525999999999999801e+01
4.524300000000000210e+01
4.522999999999999687e+01
4.522200000000000131e+01
4.520799999999999841e+01
4.519300000000000495e+01
4.518199999999999505e+01
4.517000000000000171e+01
4.514999999999999858e+01
4.513000000000000256e+01
4.510999999999999943e+01
4.508299999999999841e+01
4.506300000000000239e+01
4.505300000000000438e+01
4.504800000000000182e+01
4.503300000000000125e+01
4.502199999999999847e+01
4.502000000000000313e+01
4.503699999999999903e+01
4.503999999999999915e+01
4.504800000000000182e+01
4.504999999999999716e+01
4.504999999999999716e+01
4.504999999999999716e+01
4.504999999999999716e+01
4.507199999999999562e+01
4.507999999999999829e+01
4.507999999999999829e+01
4.507999999999999829e+01
4.507999999999999829e+01
4.507999999999999829e+01
4.507999999999999829e+01
4.507199999999999562e+01
4.506300000000000239e+01
4.505300000000000438e+01
4.504999999999999716e+01
4.504200000000000159e+01
4.503999999999999915e+01
4.503300000000000125e+01
4.502199999999999847e+01
4.502000000000000313e+01
4.502000000000000313e+01
4.501300000000000523e+01
4.500999999999999801e+01
4.500199999999999534e+01
4.500000000000000000e+01
4.500000000000000000e+01
4.500000000000000000e+01
4.502000000000000313e+01
4.501300000000000523e+01
4.500999999999999801e+01
4.500199999999999534e+01
4.499300000000000210e+01
4.499800000000000466e+01
4.500999999999999801e+01
4.509499999999999886e+01
4.581300000000000239e+01
4.629800000000000182e+01
4.652799999999999869e+01
4.671000000000000085e+01
4.701800000000000068e+01
4.714999999999999858e+01
4.716700000000000159e+01
4.716199999999999903e+01
4.713800000000000523e+01
4.712699999999999534e+01
4.707000000000000028e+01
4.698199999999999932e+01
4.701500000000000057e+01
4.716700000000000159e+01
4.724000000000000199e+01
4.721500000000000341e+01
4.717300000000000182e+01
4.711999999999999744e+01
4.707000000000000028e+01
4.702799999999999869e+01
4.697200000000000131e+01
4.691199999999999903e+01
4.685699999999999932e+01
4.679500000000000171e+01
4.674000000000000199e+01
4.668999999999999773e+01
4.667999999999999972e+01
4.669300000000000495e+01
4.670799999999999841e+01
4.671699999999999875e+01
4.672999999999999687e+01
4.674000000000000199e+01
4.674000000000000199e+01
4.678499999999999659e+01
4.680699999999999505e+01
4.681800000000000495e+01
4.681300000000000239e+01
4.680300000000000438e+01
4.679999999999999716e+01
4.679999999999999716e+01
4.679999999999999716e+01
4.678999999999999915e+01
4.677000000000000313e+01
4.675000000000000000e+01
4.673199999999999932e+01
4.672999999999999687e+01
4.671999999999999886e+01
4.670199999999999818e+01
4.669300000000000495e+01
4.667999999999999972e+01
4.665999999999999659e+01
4.664000000000000057e+01
4.661999999999999744e+01
4.659700000000000131e+01
4.657999999999999829e+01
4.656800000000000495e+01
4.654200000000000159e+01
4.652000000000000313e+01
4.650999999999999801e+01
4.650000000000000000e+01
4.647999999999999687e+01
4.646300000000000097e+01
4.645199999999999818e+01
4.644300000000000495e+01
4.643199999999999505e+01
4.641700000000000159e+01
4.640299999999999869e+01
4.639300000000000068e+01
4.638199999999999790e+01
4.637300000000000466e+01
4.635699999999999932e+01
4.634000000000000341e+01
4.632699999999999818e+01
4.631800000000000495e+01
4.629999999999999716e+01
4.629200000000000159e+01
4.628300000000000125e+01
4.627000000000000313e+01
4.625199999999999534e+01
4.624300000000000210e+01
4.624000000000000199e+01
4.623199999999999932e+01
4.622800000000000153e+01
4.621300000000000097e+01
4.620199999999999818e+01
4.619300000000000495e+01
4.618199999999999505e+01
4.617999999999999972e+01
4.617300000000000182e+01
4.616199999999999903e+01
4.615299999999999869e+01
4.614300000000000068e+01
4.613199999999999790e+01
4.612300000000000466e+01
4.611199999999999477e+01
4.610300000000000153e+01
4.609199999999999875e+01
4.608299999999999841e+01
4.607199999999999562e+01
4.606300000000000239e+01
4.605300000000000438e+01
4.604200000000000159e+01
4.603999999999999915e+01
4.603999999999999915e+01
4.603300000000000125e+01
4.602199999999999847e+01
4.601300000000000523e+01
4.600199999999999534e+01
4.599300000000000210e+01
4.598199999999999932e+01
4.597999999999999687e+01
4.596999999999999886e+01
4.596000000000000085e+01
4.595199999999999818e+01
4.594300000000000495e+01
4.593199999999999505e+01
4.592300000000000182e+01
4.592000000000000171e+01
4.591199999999999903e+01
4.590299999999999869e+01
4.589999999999999858e+01
4.589300000000000068e+01
4.588199999999999790e+01
4.587300000000000466e+01
4.586199999999999477e+01
4.585300000000000153e+01
4.584199999999999875e+01
4.583299999999999841e+01
4.582199999999999562e+01
4.581300000000000239e+01
4.581000000000000227e+01
4.580300000000000438e+01
4.579200000000000159e+01
4.578999999999999915e+01
4.578300000000000125e+01
4.577199999999999847e+01
4.576300000000000523e+01
4.575199999999999534e+01
4.574300000000000210e+01
4.573199999999999932e+01
4.572500000000000142e+01
4.571300000000000097e+01
4.570199999999999818e+01
4.569300000000000495e+01
4.568800000000000239e+01
4.567999999999999972e+01
4.567000000000000171e+01
4.565299999999999869e+01
4.564999999999999858e+01
4.564300000000000068e+01
4.563199999999999790e+01
4.562500000000000000e+01
4.561199999999999477e+01
4.560300000000000153e+01
4.559199999999999875e+01
4.558299999999999841e+01
4.557199999999999562e+01
4.556800000000000495e+01
4.556000000000000227e+01
4.556000000000000227e+01
4.555300000000000438e+01
4.554200000000000159e+01
4.553300000000000125e+01
4.552499999999999858e+01
4.553000000000000114e+01
4.553000000000000114e+01
4.552199999999999847e+01
4.552000000000000313e+01
4.551300000000000523e+01
4.550999999999999801e+01
4.549499999999999744e+01
4.548199999999999932e+01
4.547200000000000131e+01
4.546300000000000097e+01
4.545000000000000284e+01
4.543199999999999505e+01
4.542300000000000182e+01
4.541199999999999903e+01
4.539500000000000313e+01
4.537500000000000000e+01
4.536199999999999477e+01
4.535000000000000142e+01
4.533299999999999841e+01
4.532199999999999562e+01
4.531300000000000239e+01
4.529999999999999716e+01
4.528300000000000125e+01
4.527199999999999847e+01
4.526300000000000523e+01
4.525199999999999534e+01
4.524000000000000199e+01
4.522200000000000131e+01
4.521000000000000085e+01
4.519699999999999562e+01
4.518199999999999505e+01
4.517300000000000182e+01
4.516199999999999903e+01
4.514999999999999858e+01
4.513100000000000023e+01
4.511199999999999477e+01
4.510300000000000153e+01
4.509000000000000341e+01
4.507199999999999562e+01
4.506300000000000239e+01
4.505300000000000438e+01
4.504200000000000159e+01
4.503499999999999659e+01
4.502199999999999847e+01
4.501300000000000523e+01
4.500199999999999534e+01
4.499300000000000210e+01
4.485499999999999687e+01
4.482999999999999829e+01
4.493199999999999505e+01
4.492000000000000171e+01
4.490299999999999869e+01
4.489300000000000068e+01
4.488199999999999790e+01
4.487300000000000466e+01
4.486199999999999477e+01
4.485000000000000142e+01
4.482999999999999829e+01
4.481300000000000239e+01
4.481000000000000227e+01
4.481000000000000227e+01
4.483299999999999841e+01
4.484000000000000341e+01
4.484700000000000131e+01
4.485000000000000142e+01
4.484199999999999875e+01
4.484000000000000341e+01
4.483299999999999841e+01
4.482699999999999818e+01
4.481300000000000239e+01
4.480300000000000438e+01
4.479999999999999716e+01
4.479200000000000159e+01
4.470799999999999841e+01
4.477199999999999847e+01
4.476300000000000523e+01
4.475199999999999534e+01
4.474300000000000210e+01
4.473199999999999932e+01
4.472200000000000131e+01
4.471300000000000097e+01
4.470199999999999818e+01
4.469300000000000495e+01
4.467800000000000438e+01
4.465800000000000125e+01
4.464999999999999858e+01
4.465500000000000114e+01
4.467499999999999716e+01
4.467999999999999972e+01
4.467999999999999972e+01
4.467999999999999972e+01
4.467999999999999972e+01
4.467999999999999972e+01
4.467999999999999972e+01
4.467300000000000182e+01
4.467000000000000171e+01
4.466199999999999903e+01
4.465999999999999659e+01
4.465500000000000114e+01
4.466499999999999915e+01
4.465999999999999659e+01
4.464999999999999858e+01
4.464300000000000068e+01
4.464000000000000057e+01
4.464000000000000057e+01
4.463199999999999790e+01
4.463000000000000256e+01
4.462300000000000466e+01
4.461199999999999477e+01
4.460000000000000142e+01
4.458299999999999841e+01
4.457199999999999562e+01
4.456300000000000239e+01
4.455300000000000438e+01
4.454200000000000159e+01
4.453300000000000125e+01
4.454500000000000171e+01
4.454999999999999716e+01
4.456000000000000227e+01
4.458500000000000085e+01
4.459000000000000341e+01
4.460499999999999687e+01
4.461999999999999744e+01
4.464500000000000313e+01
4.465800000000000125e+01
4.465999999999999659e+01
4.465299999999999869e+01
4.464999999999999858e+01
4.464300000000000068e+01
4.463199999999999790e+01
4.462300000000000466e+01
4.461199999999999477e+01
4.460999999999999943e+01
4.464000000000000057e+01
4.474499999999999744e+01
4.495499999999999829e+01
4.506300000000000239e+01
4.510499999999999687e+01
4.512699999999999534e+01
4.513800000000000523e+01
4.514699999999999847e+01
4.514999999999999858e+01
4.514300000000000068e+01
4.513199999999999790e+01
4.513000000000000256e+01
4.513000000000000256e+01
4.512300000000000466e+01
4.510999999999999943e+01
4.510000000000000142e+01
4.510000000000000142e+01
4.509199999999999875e+01
4.510499999999999687e+01
4.511800000000000210e+01
4.511500000000000199e+01
4.510300000000000153e+01
4.509199999999999875e+01
4.508299999999999841e+01
4.507199999999999562e+01
4.506300000000000239e+01
4.506000000000000227e+01
4.504999999999999716e+01
4.503999999999999915e+01
4.503300000000000125e+01
4.502199999999999847e+01
4.501300000000000523e+01
4.500199999999999534e+01
4.499300000000000210e+01
4.497200000000000131e+01
4.495199999999999818e+01
4.494300000000000495e+01
4.493199999999999505e+01
4.492999999999999972e+01
4.496000000000000085e+01
4.497800000000000153e+01
4.502799999999999869e+01
4.502799999999999869e+01
4.503000000000000114e+01
4.502799999999999869e+01
4.502000000000000313e+01
4.500999999999999801e+01
4.498499999999999943e+01
4.497200000000000131e+01
4.496300000000000097e+01
4.495000000000000284e+01
4.492999999999999972e+01
4.490299999999999869e+01
4.488199999999999790e+01
4.487300000000000466e+01
4.486199999999999477e+01
4.485300000000000153e+01
4.485000000000000142e+01
4.484199999999999875e+01
4.481000000000000227e+01
4.479200000000000159e+01
4.478300000000000125e+01
4.478000000000000114e+01
4.478699999999999903e+01
4.478999999999999915e+01
4.478000000000000114e+01
4.476300000000000523e+01
4.475999999999999801e+01
4.475199999999999534e+01
4.474800000000000466e+01
4.474000000000000199e+01
4.472500000000000142e+01
4.471300000000000097e+01
4.470199999999999818e+01
4.468999999999999773e+01
4.467300000000000182e+01
4.466199999999999903e+01
4.465299999999999869e+01
4.464300000000000068e+01
4.463000000000000256e+01
4.461199999999999477e+01
4.460300000000000153e+01
4.459000000000000341e+01
4.457199999999999562e+01
4.456300000000000239e+01
4.456000000000000227e+01
4.456800000000000495e+01
4.457000000000000028e+01
4.456300000000000239e+01
4.455300000000000438e+01
4.454200000000000159e+01
4.453300000000000125e+01
4.451500000000000057e+01
4.450000000000000000e+01
4.448199999999999932e+01
4.447200000000000131e+01
4.446300000000000097e+01
4.445199999999999818e+01
4.444300000000000495e+01
4.443199999999999505e+01
4.442300000000000182e+01
4.441199999999999903e+01
4.439500000000000313e+01
4.438199999999999790e+01
4.437300000000000466e+01
4.436199999999999477e+01
4.435300000000000153e+01
4.434199999999999875e+01
4.432999999999999829e+01
4.431300000000000239e+01
4.430300000000000438e+01
4.428499999999999659e+01
4.427199999999999847e+01
4.427000000000000313e+01
4.427000000000000313e+01
4.427000000000000313e+01
4.426300000000000523e+01
4.425999999999999801e+01
4.425999999999999801e+01
4.425999999999999801e+01
4.425199999999999534e+01
4.425699999999999790e+01
4.425199999999999534e+01
4.425000000000000000e+01
4.424300000000000210e+01
4.423199999999999932e+01
4.421999999999999886e+01
4.421000000000000085e+01
4.420199999999999818e+01
4.419300000000000495e+01
4.417999999999999972e+01
4.415999999999999659e+01
4.414000000000000057e+01
4.412699999999999534e+01
4.411199999999999477e+01
4.412500000000000000e+01
4.413000000000000256e+01
4.412300000000000466e+01
4.411199999999999477e+01
4.410300000000000153e+01
4.409000000000000341e+01
4.407199999999999562e+01
4.407000000000000028e+01
4.406300000000000239e+01
4.404500000000000171e+01
4.403300000000000125e+01
4.403000000000000114e+01
4.401500000000000057e+01
4.400000000000000000e+01
4.398199999999999932e+01
4.397200000000000131e+01
4.396300000000000097e+01
4.395199999999999818e+01
4.395000000000000284e+01
4.393500000000000227e+01
4.392999999999999972e+01
4.392300000000000182e+01
4.391199999999999903e+01
4.390299999999999869e+01
4.389300000000000068e+01
4.388000000000000256e+01
4.386199999999999477e+01
4.385499999999999687e+01
4.383800000000000097e+01
4.381800000000000495e+01
4.379500000000000171e+01
4.377499999999999858e+01
4.376300000000000523e+01
4.375199999999999534e+01
4.374000000000000199e+01
4.372200000000000131e+01
4.370499999999999829e+01
4.368999999999999773e+01
4.367300000000000182e+01
4.365500000000000114e+01
4.365800000000000125e+01
4.364500000000000313e+01
4.363199999999999790e+01
4.362300000000000466e+01
4.360499999999999687e+01
4.359199999999999875e+01
4.358299999999999841e+01
4.357199999999999562e+01
4.357000000000000028e+01
4.356300000000000239e+01
4.355300000000000438e+01
4.353999999999999915e+01
4.352199999999999847e+01
4.351300000000000523e+01
4.350199999999999534e+01
4.349300000000000210e+01
4.348199999999999932e+01
4.347200000000000131e+01
4.346300000000000097e+01
4.345199999999999818e+01
4.344300000000000495e+01
4.343199999999999505e+01
4.342300000000000182e+01
4.341199999999999903e+01
4.340299999999999869e+01
4.339300000000000068e+01
4.338199999999999790e+01
4.337300000000000466e+01
4.336199999999999477e+01
4.334700000000000131e+01
4.333299999999999841e+01
4.332199999999999562e+01
4.331000000000000227e+01
4.329200000000000159e+01
4.328300000000000125e+01
4.327000000000000313e+01
4.325199999999999534e+01
4.324300000000000210e+01
4.322999999999999687e+01
4.321000000000000085e+01
4.320199999999999818e+01
4.319300000000000495e+01
4.318199999999999505e+01
4.316499999999999915e+01
4.314999999999999858e+01
4.313000000000000256e+01
4.311199999999999477e+01
4.310300000000000153e+01
4.309199999999999875e+01
4.308299999999999841e+01
4.307000000000000028e+01
4.304200000000000159e+01
4.302199999999999847e+01
4.301300000000000523e+01
4.300000000000000000e+01
4.298199999999999932e+01
4.297200000000000131e+01
4.296300000000000097e+01
4.295199999999999818e+01
4.293800000000000239e+01
4.292000000000000171e+01
4.289999999999999858e+01
4.287699999999999534e+01
4.285999999999999943e+01
4.284700000000000131e+01
4.283299999999999841e+01
4.282000000000000028e+01
4.280300000000000438e+01
4.278999999999999915e+01
4.277799999999999869e+01
4.276300000000000523e+01
4.274300000000000210e+01
4.271999999999999886e+01
4.270000000000000284e+01
4.267999999999999972e+01
4.265999999999999659e+01
4.264300000000000068e+01
4.263199999999999790e+01
4.262300000000000466e+01
4.261199999999999477e+01
4.260300000000000153e+01
4.259700000000000131e+01
4.258299999999999841e+01
4.257199999999999562e+01
4.256300000000000239e+01
4.254800000000000182e+01
4.253000000000000114e+01
4.250500000000000256e+01
4.249000000000000199e+01
4.247200000000000131e+01
4.246000000000000085e+01
4.244300000000000495e+01
4.242999999999999972e+01
4.240800000000000125e+01
4.239300000000000068e+01
4.238199999999999790e+01
4.237300000000000466e+01
4.236199999999999477e+01
4.235300000000000153e+01
4.232500000000000284e+01
4.229999999999999716e+01
4.228000000000000114e+01
4.225999999999999801e+01
4.224300000000000210e+01
4.222500000000000142e+01
4.220499999999999829e+01
4.220000000000000284e+01
4.218500000000000227e+01
4.217300000000000182e+01
4.215999999999999659e+01
4.214000000000000057e+01
4.211199999999999477e+01
4.209000000000000341e+01
4.207000000000000028e+01
4.204999999999999716e+01
4.203000000000000114e+01
4.200999999999999801e+01
4.199300000000000210e+01
4.197999999999999687e+01
4.196000000000000085e+01
4.194300000000000495e+01
4.192999999999999972e+01
4.191199999999999903e+01
4.189000000000000057e+01
4.186999999999999744e+01
4.185699999999999932e+01
4.183800000000000097e+01
4.182000000000000028e+01
4.179999999999999716e+01
4.178000000000000114e+01
4.176300000000000523e+01
4.176800000000000068e+01
4.176800000000000068e+01
4.175000000000000000e+01
4.172999999999999687e+01
4.170799999999999841e+01
4.168199999999999505e+01
4.165299999999999869e+01
4.163000000000000256e+01
4.160499999999999687e+01
4.157999999999999829e+01
4.156000000000000227e+01
4.153999999999999915e+01
4.152000000000000313e+01
4.150000000000000000e+01
4.147999999999999687e+01
4.146300000000000097e+01
4.145000000000000284e+01
4.142999999999999972e+01
4.140999999999999659e+01
4.138199999999999790e+01
4.135699999999999932e+01
4.134199999999999875e+01
4.133299999999999841e+01
4.132500000000000284e+01
4.130300000000000438e+01
4.128300000000000125e+01
4.127199999999999847e+01
4.126300000000000523e+01
4.125699999999999790e+01
4.124300000000000210e+01
4.122800000000000153e+01
4.121000000000000085e+01
4.119300000000000495e+01
4.118199999999999505e+01
4.117000000000000171e+01
4.115500000000000114e+01
4.114500000000000313e+01
4.114000000000000057e+01
4.113199999999999790e+01
4.112699999999999534e+01
4.111199999999999477e+01
4.110300000000000153e+01
4.108299999999999841e+01
4.106300000000000239e+01
4.104999999999999716e+01
4.102499999999999858e+01
4.100999999999999801e+01
4.097999999999999687e+01
4.096500000000000341e+01
4.094300000000000495e+01
4.092300000000000182e+01
4.090500000000000114e+01
4.088199999999999790e+01
4.087300000000000466e+01
4.085300000000000153e+01
4.082199999999999562e+01
4.080699999999999505e+01
4.078999999999999915e+01
4.076300000000000523e+01
4.072200000000000131e+01
4.070499999999999829e+01
4.068199999999999505e+01
4.065299999999999869e+01
4.062699999999999534e+01
4.059700000000000131e+01
4.057699999999999818e+01
4.054999999999999716e+01
4.052000000000000313e+01
4.049699999999999989e+01
4.047999999999999687e+01
4.046999999999999886e+01
4.042699999999999960e+01
4.044300000000000495e+01
4.039999999999999858e+01
4.036699999999999733e+01
4.031700000000000017e+01
4.029699999999999704e+01
4.028000000000000114e+01
4.029299999999999926e+01
4.026300000000000523e+01
4.025000000000000000e+01
4.025000000000000000e+01
4.024000000000000199e+01
4.022699999999999676e+01
4.020700000000000074e+01
4.018699999999999761e+01
4.017300000000000182e+01
4.015299999999999869e+01
4.014699999999999847e+01
4.012300000000000466e+01
4.010699999999999932e+01
4.008699999999999619e+01
4.006700000000000017e+01
4.004299999999999926e+01
nan
nan
nan
nan
nan
nan
nan
nan
nan
nan
nan
nan
nan
nan
nan
nan
nan
nan
nan
nan
nan
nan
nan
nan
nan
nan
nan
nan
nan
3.939999999999999858e+01
3.938000000000000256e+01
3.936999999999999744e+01
3.935000000000000142e+01
3.932699999999999818e+01
3.931000000000000227e+01
3.928999999999999915e+01
3.927000000000000313e+01
3.928300000000000125e+01
3.929999999999999716e+01
3.928999999999999915e+01
3.928699999999999903e+01
3.926300000000000523e+01
3.925999999999999801e+01
3.924000000000000199e+01
3.922999999999999687e+01
3.921000000000000085e+01
3.918999999999999773e+01
3.917999999999999972e+01
3.917000000000000171e+01
3.917000000000000171e+01
3.914999999999999858e+01
3.911699999999999733e+01
3.910000000000000142e+01
3.907999999999999829e+01
3.906000000000000227e+01
3.904999999999999716e+01
3.903000000000000114e+01
3.900999999999999801e+01
3.899000000000000199e+01
3.897999999999999687e+01
3.895700000000000074e+01
3.894699999999999562e+01
3.892699999999999960e+01
3.889999999999999858e+01
3.888700000000000045e+01
3.886699999999999733e+01
3.885000000000000142e+01
3.883699999999999619e+01
3.881700000000000017e+01
3.878999999999999915e+01
3.875000000000000000e+01
3.875000000000000000e+01
3.872999999999999687e+01
3.871000000000000085e+01
3.868999999999999773e+01
3.867000000000000171e+01
3.865999999999999659e+01
3.864699999999999847e+01
3.862699999999999534e+01
3.860699999999999932e+01
3.858699999999999619e+01
3.857000000000000028e+01
3.854999999999999716e+01
3.853000000000000114e+01
3.851699999999999591e+01
3.849699999999999989e+01
3.847699999999999676e+01
3.845700000000000074e+01
3.843999999999999773e+01
3.842000000000000171e+01
3.838700000000000045e+01
3.836699999999999733e+01
3.835000000000000142e+01
3.832699999999999818e+01
3.830699999999999505e+01
3.828999999999999915e+01
3.828300000000000125e+01
3.831000000000000227e+01
3.829999999999999716e+01
3.828999999999999915e+01
3.828000000000000114e+01
3.827000000000000313e+01
3.825999999999999801e+01
3.825000000000000000e+01
3.824000000000000199e+01
3.822999999999999687e+01
3.821999999999999886e+01
3.820700000000000074e+01
3.818999999999999773e+01
3.817999999999999972e+01
3.816700000000000159e+01
3.814999999999999858e+01
3.813700000000000045e+01
3.811699999999999733e+01
3.810000000000000142e+01
3.809000000000000341e+01
3.808699999999999619e+01
3.807699999999999818e+01
3.806700000000000017e+01
3.804699999999999704e+01
3.802700000000000102e+01
3.800699999999999790e+01
3.798699999999999477e+01
3.796699999999999875e+01
3.795000000000000284e+01
3.793999999999999773e+01
3.792999999999999972e+01
3.792000000000000171e+01
3.790999999999999659e+01
3.789999999999999858e+01
3.787699999999999534e+01
3.785699999999999932e+01
3.784000000000000341e+01
3.782699999999999818e+01
3.780699999999999505e+01
3.778699999999999903e+01
3.776699999999999591e+01
3.775000000000000000e+01
3.774000000000000199e+01
3.772999999999999687e+01
3.771000000000000085e+01
3.769699999999999562e+01
3.767699999999999960e+01
3.765699999999999648e+01
3.763700000000000045e+01
3.761999999999999744e+01
3.760999999999999943e+01
3.759700000000000131e+01
3.757999999999999829e+01
3.757000000000000028e+01
3.755699999999999505e+01
3.753699999999999903e+01
3.753000000000000114e+01
3.752000000000000313e+01
3.750699999999999790e+01
3.748699999999999477e+01
3.742999999999999972e+01
3.741700000000000159e+01
3.739699999999999847e+01
3.735999999999999943e+01
3.734700000000000131e+01
3.732699999999999818e+01
3.730699999999999505e+01
3.728999999999999915e+01
3.726699999999999591e+01
3.725000000000000000e+01
3.722699999999999676e+01
3.721000000000000085e+01
3.720000000000000284e+01
3.718699999999999761e+01
3.716700000000000159e+01
3.714699999999999847e+01
3.712699999999999534e+01
3.710999999999999943e+01
3.709000000000000341e+01
3.706700000000000017e+01
3.704999999999999716e+01
3.706700000000000017e+01
3.704699999999999704e+01
3.701699999999999591e+01
3.700000000000000000e+01
3.697999999999999687e+01
3.696699999999999875e+01
3.694699999999999562e+01
3.692699999999999960e+01
3.690699999999999648e+01
3.687699999999999534e+01
3.685699999999999932e+01
3.684000000000000341e+01
3.682699999999999818e+01
3.680699999999999505e+01
3.678699999999999903e+01
3.676699999999999591e+01
3.673699999999999477e+01
3.671699999999999875e+01
3.669699999999999562e+01
3.667699999999999960e+01
3.665699999999999648e+01
3.663700000000000045e+01
3.662699999999999534e+01
3.660300000000000153e+01
3.658699999999999619e+01
3.657000000000000028e+01
3.655699999999999505e+01
3.653699999999999903e+01
3.650699999999999790e+01
3.648699999999999477e+01
3.646699999999999875e+01
3.642999999999999972e+01
3.641300000000000381e+01
3.637300000000000466e+01
3.636699999999999733e+01
3.634700000000000131e+01
3.632699999999999818e+01
3.630699999999999505e+01
3.628699999999999903e+01
3.626699999999999591e+01
3.623699999999999477e+01
3.621699999999999875e+01
3.618699999999999761e+01
3.614999999999999858e+01
3.612699999999999534e+01
3.609700000000000131e+01
3.606700000000000017e+01
3.603300000000000125e+01
3.600699999999999790e+01
3.597699999999999676e+01
3.594699999999999562e+01
3.591700000000000159e+01
3.589699999999999847e+01
3.587699999999999534e+01
3.584700000000000131e+01
3.581700000000000017e+01
3.578699999999999903e+01
3.575699999999999790e+01
3.572699999999999676e+01
3.570700000000000074e+01
3.567699999999999960e+01
3.565699999999999648e+01
3.562699999999999534e+01
3.560699999999999932e+01
3.558699999999999619e+01
3.556000000000000227e+01
3.554999999999999716e+01
3.553699999999999903e+01
3.551699999999999591e+01
3.548699999999999477e+01
3.545700000000000074e+01
3.542699999999999960e+01
3.539699999999999847e+01
3.537699999999999534e+01
3.535699999999999932e+01
3.532699999999999818e+01
3.529699999999999704e+01
3.526699999999999591e+01
3.523699999999999477e+01
3.521000000000000085e+01
3.518699999999999761e+01
3.515699999999999648e+01
3.512699999999999534e+01
3.509700000000000131e+01
3.506700000000000017e+01
3.504699999999999704e+01
3.502700000000000102e+01
3.499699999999999989e+01
3.496699999999999875e+01
3.493699999999999761e+01
3.492999999999999972e+01
3.492999999999999972e+01
3.491700000000000159e+01
3.488700000000000045e+01
3.486699999999999733e+01
3.484700000000000131e+01
3.480699999999999505e+01
3.478699999999999903e+01
3.475300000000000011e+01
3.471699999999999875e+01
3.467999999999999972e+01
3.464999999999999858e+01
3.461999999999999744e+01
3.461999999999999744e+01
3.458699999999999619e+01
3.456700000000000017e+01
3.454699999999999704e+01
3.453000000000000114e+01
3.448699999999999477e+01
3.446699999999999875e+01
3.443699999999999761e+01
3.441700000000000159e+01
3.438700000000000045e+01
3.436699999999999733e+01
3.433699999999999619e+01
3.430699999999999505e+01
3.427700000000000102e+01
3.425699999999999790e+01
3.422699999999999676e+01
3.419699999999999562e+01
3.417699999999999960e+01
3.414699999999999847e+01
3.411699999999999733e+01
3.408699999999999619e+01
3.405699999999999505e+01
3.402700000000000102e+01
3.399000000000000199e+01
3.396699999999999875e+01
3.393699999999999761e+01
3.391300000000000381e+01
3.388700000000000045e+01
3.385699999999999932e+01
3.382699999999999818e+01
3.379699999999999704e+01
3.376699999999999591e+01
3.373300000000000409e+01
3.369699999999999562e+01
3.366700000000000159e+01
3.365699999999999648e+01
3.363000000000000256e+01
3.365699999999999648e+01
3.360999999999999943e+01
3.360000000000000142e+01
3.358699999999999619e+01
3.356700000000000017e+01
3.353699999999999903e+01
3.349699999999999989e+01
3.346699999999999875e+01
3.342699999999999960e+01
3.339699999999999847e+01
3.335699999999999932e+01
3.332699999999999818e+01
3.330699999999999505e+01
3.327700000000000102e+01
3.325999999999999801e+01
3.326699999999999591e+01
3.324699999999999989e+01
